,game_pk,home_team,away_team,home_regulation_win,home_OT_SO_win,away_regulation_win,away_OT_SO_win,card
4200,2016030163,St. Louis Blues,Minnesota Wild,0.448,0.099,0.3695,0.0835,647
4201,2016030143,Columbus Blue Jackets,Pittsburgh Penguins,0.4075,0.0925,0.4145,0.0855,647
4202,2016030113,New York Rangers,Montréal Canadiens,0.498,0.056,0.328,0.118,647
4203,2016030183,San Jose Sharks,Edmonton Oilers,0.5045,0.089,0.3175,0.089,647
4204,2016030123,Boston Bruins,Ottawa Senators,0.4685,0.0505,0.37,0.111,647
4205,2016030133,Toronto Maple Leafs,Washington Capitals,0.3275,0.0525,0.4855,0.1345,647
4206,2016030153,Nashville Predators,Chicago Blackhawks,0.4465,0.077,0.377,0.0995,647
4207,2016030173,Calgary Flames,Anaheim Ducks,0.399,0.0375,0.4255,0.138,647
4204,2016030123,Boston Bruins,Ottawa Senators,0.4745,0.0535,0.357,0.115,649
4205,2016030133,Toronto Maple Leafs,Washington Capitals,0.3245,0.057,0.503,0.1155,649
4206,2016030153,Nashville Predators,Chicago Blackhawks,0.4315,0.0675,0.386,0.115,649
4207,2016030173,Calgary Flames,Anaheim Ducks,0.4015,0.0335,0.4185,0.1465,649
4208,2016030114,New York Rangers,Montréal Canadiens,0.5015,0.047,0.3305,0.121,649
4209,2016030144,Columbus Blue Jackets,Pittsburgh Penguins,0.405,0.08,0.4285,0.0865,649
4210,2016030184,San Jose Sharks,Edmonton Oilers,0.525,0.084,0.311,0.08,649
4208,2016030114,New York Rangers,Montréal Canadiens,0.506,0.042,0.334,0.118,651
4209,2016030144,Columbus Blue Jackets,Pittsburgh Penguins,0.402,0.08,0.418,0.1,651
4210,2016030184,San Jose Sharks,Edmonton Oilers,0.5415,0.0785,0.2975,0.0825,651
4211,2016030134,Toronto Maple Leafs,Washington Capitals,0.342,0.066,0.488,0.104,651
4212,2016030124,Boston Bruins,Ottawa Senators,0.4725,0.0555,0.355,0.117,651
4213,2016030164,St. Louis Blues,Minnesota Wild,0.445,0.1095,0.356,0.0895,651
4214,2016030174,Calgary Flames,Anaheim Ducks,0.403,0.0315,0.4275,0.138,651
4211,2016030134,Toronto Maple Leafs,Washington Capitals,0.32,0.068,0.507,0.105,654
4212,2016030124,Boston Bruins,Ottawa Senators,0.4645,0.0485,0.3565,0.1305,654
4213,2016030164,St. Louis Blues,Minnesota Wild,0.445,0.1075,0.3605,0.087,654
4214,2016030174,Calgary Flames,Anaheim Ducks,0.4115,0.0325,0.405,0.151,654
4215,2016030115,Montréal Canadiens,New York Rangers,0.421,0.125,0.397,0.057,654
4216,2016030145,Pittsburgh Penguins,Columbus Blue Jackets,0.502,0.0805,0.3275,0.09,654
4217,2016030154,Nashville Predators,Chicago Blackhawks,0.4035,0.07,0.405,0.1215,654
4218,2016030185,Edmonton Oilers,San Jose Sharks,0.402,0.0745,0.4295,0.094,654
4226,2016030231,St. Louis Blues,Nashville Predators,0.4625,0.099,0.3535,0.085,662
4227,2016030241,Anaheim Ducks,Edmonton Oilers,0.524,0.1195,0.2985,0.058,662
4228,2016030211,Ottawa Senators,New York Rangers,0.407,0.0765,0.414,0.1025,662
4229,2016030221,Washington Capitals,Pittsburgh Penguins,0.483,0.0885,0.321,0.1075,662
4230,2016030232,St. Louis Blues,Nashville Predators,0.476,0.0925,0.3525,0.079,665
4231,2016030242,Anaheim Ducks,Edmonton Oilers,0.5485,0.1165,0.276,0.059,665
4232,2016030212,Ottawa Senators,New York Rangers,0.4145,0.0905,0.42,0.075,665
4233,2016030222,Washington Capitals,Pittsburgh Penguins,0.4785,0.089,0.3455,0.087,665
4234,2016030233,Nashville Predators,St. Louis Blues,0.4405,0.0795,0.392,0.088,665
4235,2016030243,Edmonton Oilers,Anaheim Ducks,0.386,0.07,0.4395,0.1045,665
4236,2016030223,Pittsburgh Penguins,Washington Capitals,0.402,0.1105,0.404,0.0835,665
4383,2017020005,Boston Bruins,Nashville Predators,0.4545,0.071,0.365,0.1095,836
4384,2017020006,Buffalo Sabres,Montréal Canadiens,0.37,0.0985,0.4375,0.094,836
4385,2017020007,New York Rangers,Colorado Avalanche,0.594,0.0935,0.2495,0.063,836
4386,2017020008,Ottawa Senators,Washington Capitals,0.396,0.055,0.4365,0.1125,836
4387,2017020009,Detroit Red Wings,Minnesota Wild,0.3935,0.1175,0.4175,0.0715,836
4388,2017020010,Chicago Blackhawks,Pittsburgh Penguins,0.452,0.1285,0.366,0.0535,836
4389,2017020011,Anaheim Ducks,Arizona Coyotes,0.58,0.0815,0.2555,0.083,836
4390,2017020012,Los Angeles Kings,Philadelphia Flyers,0.483,0.083,0.343,0.091,836
4395,2017020016,Toronto Maple Leafs,New York Rangers,0.3765,0.0635,0.4475,0.1125,838
4396,2017020017,Ottawa Senators,Detroit Red Wings,0.4775,0.062,0.353,0.1075,838
4397,2017020018,Florida Panthers,Tampa Bay Lightning,0.421,0.0805,0.4,0.0985,838
4398,2017020020,New York Islanders,Buffalo Sabres,0.5605,0.0895,0.2765,0.0735,838
4399,2017020021,Pittsburgh Penguins,Nashville Predators,0.5015,0.113,0.32,0.0655,838
4400,2017020022,Washington Capitals,Montréal Canadiens,0.5175,0.0985,0.309,0.075,838
4401,2017020023,Carolina Hurricanes,Minnesota Wild,0.3785,0.0455,0.441,0.135,838
4402,2017020024,St. Louis Blues,Dallas Stars,0.502,0.096,0.3335,0.0685,838
4403,2017020025,Chicago Blackhawks,Columbus Blue Jackets,0.49,0.0595,0.3425,0.108,838
4404,2017020026,Arizona Coyotes,Vegas Golden Knights,0.358,0.0835,0.4705,0.088,838
4405,2017020028,Vancouver Canucks,Edmonton Oilers,0.446,0.1115,0.3845,0.058,838
4406,2017020029,Anaheim Ducks,Philadelphia Flyers,0.483,0.1695,0.3235,0.024,838
4407,2017020027,Calgary Flames,Winnipeg Jets,0.447,0.08,0.3845,0.0885,838
4408,2017020030,San Jose Sharks,Los Angeles Kings,0.4555,0.1005,0.3495,0.0945,838
4410,2017020032,Boston Bruins,Colorado Avalanche,0.549,0.0745,0.276,0.1005,839
4411,2017020033,New York Islanders,St. Louis Blues,0.4275,0.094,0.3805,0.098,839
4412,2017020034,Buffalo Sabres,New Jersey Devils,0.4105,0.0345,0.399,0.156,839
4413,2017020035,Toronto Maple Leafs,Chicago Blackhawks,0.3705,0.0505,0.4375,0.1415,839
4414,2017020036,Tampa Bay Lightning,Washington Capitals,0.41,0.048,0.4125,0.1295,839
4415,2017020037,Edmonton Oilers,Winnipeg Jets,0.447,0.11,0.39,0.053,839
4416,2017020038,Anaheim Ducks,Calgary Flames,0.511,0.137,0.3255,0.0265,839
4417,2017020039,New York Rangers,St. Louis Blues,0.4365,0.108,0.3895,0.066,840
4418,2017020040,Carolina Hurricanes,Columbus Blue Jackets,0.415,0.0995,0.404,0.0815,840
4419,2017020041,Montréal Canadiens,Chicago Blackhawks,0.3995,0.037,0.401,0.1625,840
4420,2017020042,Nashville Predators,Philadelphia Flyers,0.4885,0.0545,0.338,0.119,840
4421,2017020043,Dallas Stars,Detroit Red Wings,0.4625,0.0645,0.361,0.112,840
4422,2017020044,Vancouver Canucks,Ottawa Senators,0.4085,0.0565,0.4105,0.1245,840
4423,2017020045,Vegas Golden Knights,Arizona Coyotes,0.5495,0.1065,0.2755,0.0685,840
4429,2017020051,Tampa Bay Lightning,Pittsburgh Penguins,0.451,0.0725,0.364,0.1125,842
4430,2017020052,Florida Panthers,St. Louis Blues,0.4125,0.073,0.3945,0.12,842
4431,2017020053,Nashville Predators,Dallas Stars,0.4875,0.067,0.365,0.0805,842
4432,2017020054,Chicago Blackhawks,Minnesota Wild,0.4595,0.0875,0.372,0.081,842
4433,2017020055,Vancouver Canucks,Winnipeg Jets,0.421,0.073,0.403,0.103,842
4434,2017020056,Arizona Coyotes,Detroit Red Wings,0.3565,0.0525,0.47,0.121,842
4435,2017020057,San Jose Sharks,Buffalo Sabres,0.5555,0.0685,0.2625,0.1135,842
4441,2017020068,Winnipeg Jets,Carolina Hurricanes,0.4595,0.093,0.3565,0.091,844
4442,2017020063,Montréal Canadiens,Toronto Maple Leafs,0.488,0.1295,0.3375,0.045,844
4443,2017020064,Tampa Bay Lightning,St. Louis Blues,0.461,0.041,0.373,0.125,844
4444,2017020065,New York Rangers,New Jersey Devils,0.5525,0.103,0.277,0.0675,844
4445,2017020066,Philadelphia Flyers,Washington Capitals,0.3635,0.079,0.444,0.1135,844
4446,2017020067,Pittsburgh Penguins,Florida Panthers,0.5035,0.1235,0.323,0.05,844
4447,2017020069,Dallas Stars,Colorado Avalanche,0.5085,0.0665,0.3255,0.0995,844
4448,2017020070,Minnesota Wild,Columbus Blue Jackets,0.504,0.0835,0.308,0.1045,844
4449,2017020071,Chicago Blackhawks,Nashville Predators,0.47,0.102,0.3635,0.0645,844
4450,2017020072,Arizona Coyotes,Boston Bruins,0.34,0.0235,0.477,0.1595,844
4451,2017020074,Vancouver Canucks,Calgary Flames,0.4365,0.085,0.381,0.0975,844
4452,2017020073,Edmonton Oilers,Ottawa Senators,0.41,0.0475,0.42,0.1225,844
4453,2017020075,Los Angeles Kings,Buffalo Sabres,0.552,0.095,0.2635,0.0895,844
4454,2017020076,San Jose Sharks,New York Islanders,0.489,0.0975,0.3235,0.09,844
4459,2017020082,New York Rangers,Pittsburgh Penguins,0.449,0.0945,0.378,0.0785,845
4460,2017020083,Philadelphia Flyers,Florida Panthers,0.4555,0.092,0.377,0.0755,845
4461,2017020084,Washington Capitals,Toronto Maple Leafs,0.569,0.119,0.2645,0.0475,845
4462,2017020081,New Jersey Devils,Tampa Bay Lightning,0.38,0.0665,0.44,0.1135,845
4463,2017020085,Ottawa Senators,Vancouver Canucks,0.507,0.1235,0.3055,0.064,845
4464,2017020086,Nashville Predators,Colorado Avalanche,0.548,0.113,0.2875,0.0515,845
4465,2017020087,Winnipeg Jets,Columbus Blue Jackets,0.4505,0.1215,0.379,0.049,845
4466,2017020088,Dallas Stars,Arizona Coyotes,0.558,0.105,0.298,0.039,845
4467,2017020089,Edmonton Oilers,Carolina Hurricanes,0.4375,0.094,0.377,0.0915,845
4468,2017020090,Vegas Golden Knights,Buffalo Sabres,0.5565,0.08,0.2875,0.076,845
4469,2017020091,San Jose Sharks,Montréal Canadiens,0.4565,0.1415,0.357,0.045,845
4473,2017020095,Boston Bruins,Vancouver Canucks,0.5275,0.0925,0.2925,0.0875,848
4474,2017020096,New York Rangers,New York Islanders,0.508,0.059,0.3225,0.1105,848
4475,2017020097,Philadelphia Flyers,Nashville Predators,0.4185,0.0975,0.3995,0.0845,848
4476,2017020098,Columbus Blue Jackets,Tampa Bay Lightning,0.423,0.0765,0.3965,0.104,848
4477,2017020099,Ottawa Senators,New Jersey Devils,0.4825,0.0675,0.339,0.111,848
4478,2017020100,Chicago Blackhawks,Edmonton Oilers,0.5445,0.113,0.2825,0.06,848
4479,2017020101,Colorado Avalanche,St. Louis Blues,0.3535,0.0585,0.475,0.113,848
4480,2017020102,Calgary Flames,Carolina Hurricanes,0.448,0.0845,0.3775,0.09,848
4481,2017020103,Arizona Coyotes,Dallas Stars,0.378,0.0465,0.454,0.1215,848
4482,2017020104,Buffalo Sabres,Vancouver Canucks,0.4335,0.0745,0.38,0.112,850
4483,2017020105,New Jersey Devils,San Jose Sharks,0.3905,0.068,0.425,0.1165,850
4484,2017020106,Detroit Red Wings,Washington Capitals,0.365,0.057,0.4485,0.1295,850
4485,2017020107,Florida Panthers,Pittsburgh Penguins,0.4045,0.0365,0.4315,0.1275,850
4486,2017020108,Winnipeg Jets,Minnesota Wild,0.397,0.074,0.4275,0.1015,850
4487,2017020109,Anaheim Ducks,Montréal Canadiens,0.471,0.1175,0.3395,0.072,850
4488,2017020110,New York Rangers,Nashville Predators,0.4705,0.1095,0.353,0.067,850
4489,2017020111,Philadelphia Flyers,Edmonton Oilers,0.4985,0.071,0.3195,0.111,850
4490,2017020112,Boston Bruins,Buffalo Sabres,0.585,0.128,0.2535,0.0335,851
4491,2017020113,Ottawa Senators,Toronto Maple Leafs,0.472,0.136,0.338,0.054,851
4492,2017020114,Tampa Bay Lightning,Pittsburgh Penguins,0.457,0.0745,0.363,0.1055,851
4493,2017020115,New York Islanders,San Jose Sharks,0.447,0.09,0.3855,0.0775,851
4494,2017020117,Columbus Blue Jackets,Los Angeles Kings,0.4355,0.0695,0.389,0.106,851
4495,2017020116,Washington Capitals,Florida Panthers,0.526,0.0955,0.296,0.0825,851
4496,2017020118,Dallas Stars,Carolina Hurricanes,0.492,0.141,0.3285,0.0385,851
4497,2017020119,Arizona Coyotes,Chicago Blackhawks,0.313,0.0305,0.522,0.1345,851
4498,2017020120,Calgary Flames,Minnesota Wild,0.388,0.0765,0.442,0.0935,851
4499,2017020121,Vegas Golden Knights,St. Louis Blues,0.421,0.086,0.4025,0.0905,851
4503,2017020126,New York Islanders,Arizona Coyotes,0.5685,0.0965,0.267,0.068,854
4504,2017020127,Philadelphia Flyers,Anaheim Ducks,0.4035,0.043,0.41,0.1435,854
4505,2017020128,Pittsburgh Penguins,Edmonton Oilers,0.5405,0.1395,0.2755,0.0445,854
4506,2017020129,Carolina Hurricanes,Tampa Bay Lightning,0.3585,0.0645,0.445,0.132,854
4507,2017020125,Buffalo Sabres,Detroit Red Wings,0.374,0.0695,0.4435,0.113,854
4508,2017020130,Montréal Canadiens,Florida Panthers,0.447,0.0995,0.373,0.0805,854
4509,2017020131,Ottawa Senators,Los Angeles Kings,0.4315,0.107,0.3895,0.072,854
4510,2017020132,Nashville Predators,Calgary Flames,0.518,0.069,0.31,0.103,854
4511,2017020133,Minnesota Wild,Vancouver Canucks,0.5385,0.0855,0.284,0.092,854
4512,2017020134,Colorado Avalanche,Dallas Stars,0.3705,0.116,0.451,0.0625,854
4513,2017020135,Vegas Golden Knights,Chicago Blackhawks,0.407,0.09,0.411,0.092,854
4516,2017020138,Boston Bruins,San Jose Sharks,0.44,0.094,0.3795,0.0865,857
4517,2017020139,Toronto Maple Leafs,Carolina Hurricanes,0.464,0.0885,0.355,0.0925,857
4518,2017020140,New York Rangers,Arizona Coyotes,0.6,0.1315,0.2485,0.02,857
4519,2017020141,Pittsburgh Penguins,Winnipeg Jets,0.5195,0.1225,0.3165,0.0415,857
4520,2017020142,Montréal Canadiens,Los Angeles Kings,0.4285,0.077,0.386,0.1085,857
4521,2017020143,Ottawa Senators,Philadelphia Flyers,0.462,0.0925,0.358,0.0875,857
4522,2017020144,Tampa Bay Lightning,Detroit Red Wings,0.506,0.1305,0.3145,0.049,857
4523,2017020145,Florida Panthers,Anaheim Ducks,0.4075,0.1145,0.406,0.072,857
4524,2017020146,Minnesota Wild,New York Islanders,0.5055,0.08,0.325,0.0895,857
4525,2017020147,Edmonton Oilers,Dallas Stars,0.4235,0.08,0.394,0.1025,857
4526,2017020148,Vancouver Canucks,Washington Capitals,0.3235,0.0775,0.4855,0.1135,857
4527,2017020149,Vegas Golden Knights,Colorado Avalanche,0.525,0.099,0.2875,0.0885,858
4528,2017020150,New Jersey Devils,Ottawa Senators,0.4045,0.111,0.4155,0.069,858
4529,2017020151,Columbus Blue Jackets,Winnipeg Jets,0.4945,0.058,0.335,0.1125,858
4530,2017020152,Carolina Hurricanes,St. Louis Blues,0.3955,0.0545,0.4135,0.1365,858
4531,2017020153,Chicago Blackhawks,Nashville Predators,0.48,0.1045,0.34,0.0755,858
4532,2017020154,Calgary Flames,Dallas Stars,0.42,0.0935,0.409,0.0775,858
4533,2017020155,Buffalo Sabres,San Jose Sharks,0.3315,0.115,0.467,0.0865,858
4534,2017020156,Boston Bruins,Los Angeles Kings,0.4405,0.095,0.37,0.0945,861
4535,2017020157,Toronto Maple Leafs,Philadelphia Flyers,0.438,0.0925,0.3845,0.085,861
4536,2017020158,Montréal Canadiens,New York Rangers,0.4115,0.0875,0.405,0.096,861
4537,2017020159,Tampa Bay Lightning,Anaheim Ducks,0.4605,0.125,0.3695,0.045,861
4538,2017020160,Florida Panthers,Detroit Red Wings,0.472,0.117,0.3495,0.0615,861
4539,2017020161,New Jersey Devils,Arizona Coyotes,0.5115,0.1455,0.3005,0.0425,861
4540,2017020162,St. Louis Blues,Columbus Blue Jackets,0.5205,0.071,0.304,0.1045,861
4541,2017020163,Nashville Predators,New York Islanders,0.4595,0.0735,0.346,0.121,861
4542,2017020164,Minnesota Wild,Pittsburgh Penguins,0.4485,0.069,0.3795,0.103,861
4543,2017020165,Colorado Avalanche,Chicago Blackhawks,0.3495,0.0775,0.474,0.099,861
4544,2017020166,Edmonton Oilers,Washington Capitals,0.343,0.081,0.4815,0.0945,861
4548,2017020170,New York Islanders,Vegas Golden Knights,0.4405,0.0925,0.38,0.087,863
4549,2017020171,Philadelphia Flyers,Arizona Coyotes,0.5505,0.0595,0.2825,0.1075,863
4550,2017020172,Columbus Blue Jackets,Boston Bruins,0.4495,0.0825,0.3735,0.0945,863
4551,2017020173,Ottawa Senators,Montréal Canadiens,0.456,0.098,0.365,0.081,863
4552,2017020174,Florida Panthers,Tampa Bay Lightning,0.399,0.0885,0.4175,0.095,863
4553,2017020175,St. Louis Blues,Los Angeles Kings,0.4745,0.111,0.345,0.0695,863
4554,2017020176,Vancouver Canucks,Dallas Stars,0.4165,0.031,0.4205,0.132,863
4555,2017020177,San Jose Sharks,Toronto Maple Leafs,0.535,0.1405,0.3015,0.023,863
4556,2017020178,New York Rangers,Vegas Golden Knights,0.5085,0.093,0.323,0.0755,865
4557,2017020179,Detroit Red Wings,Arizona Coyotes,0.537,0.1055,0.304,0.0535,865
4558,2017020180,Minnesota Wild,Winnipeg Jets,0.4825,0.0935,0.3475,0.0765,865
4559,2017020181,Chicago Blackhawks,Philadelphia Flyers,0.5225,0.0605,0.3095,0.1075,865
4560,2017020182,Edmonton Oilers,Pittsburgh Penguins,0.3745,0.0425,0.435,0.148,865
4561,2017020183,Vancouver Canucks,New Jersey Devils,0.4485,0.0475,0.366,0.138,865
4562,2017020184,Anaheim Ducks,Toronto Maple Leafs,0.5225,0.0875,0.3065,0.0835,865
4563,2017020185,San Jose Sharks,Nashville Predators,0.463,0.086,0.3595,0.0915,865
4564,2017020186,Boston Bruins,Vegas Golden Knights,0.4525,0.062,0.3705,0.115,868
4565,2017020187,Washington Capitals,New York Islanders,0.515,0.114,0.2995,0.0715,868
4566,2017020188,Ottawa Senators,Detroit Red Wings,0.4695,0.065,0.348,0.1175,868
4567,2017020189,Tampa Bay Lightning,New York Rangers,0.4675,0.0965,0.3525,0.0835,868
4568,2017020190,Florida Panthers,Columbus Blue Jackets,0.453,0.0965,0.3725,0.078,868
4569,2017020191,St. Louis Blues,Philadelphia Flyers,0.525,0.08,0.311,0.084,868
4570,2017020192,Minnesota Wild,Montréal Canadiens,0.4885,0.1465,0.324,0.041,868
4571,2017020193,Winnipeg Jets,Dallas Stars,0.4565,0.0875,0.3745,0.0815,868
4572,2017020194,Colorado Avalanche,Carolina Hurricanes,0.42,0.0935,0.389,0.0975,868
4573,2017020195,Calgary Flames,Pittsburgh Penguins,0.3955,0.098,0.442,0.0645,868
4574,2017020196,Arizona Coyotes,Buffalo Sabres,0.4375,0.0705,0.3915,0.1005,868
4575,2017020197,Los Angeles Kings,Toronto Maple Leafs,0.513,0.0965,0.3115,0.079,868
4579,2017020205,St. Louis Blues,Toronto Maple Leafs,0.5545,0.0985,0.2805,0.0665,871
4580,2017020206,Winnipeg Jets,Montréal Canadiens,0.4505,0.094,0.355,0.1005,871
4581,2017020201,Boston Bruins,Washington Capitals,0.4175,0.033,0.406,0.1435,871
4582,2017020202,Tampa Bay Lightning,Columbus Blue Jackets,0.5075,0.1005,0.3135,0.0785,871
4583,2017020203,Florida Panthers,New York Rangers,0.387,0.0705,0.417,0.1255,871
4584,2017020204,Philadelphia Flyers,Colorado Avalanche,0.516,0.1105,0.3115,0.062,871
4585,2017020207,Dallas Stars,Buffalo Sabres,0.544,0.096,0.296,0.064,871
4586,2017020208,Minnesota Wild,Chicago Blackhawks,0.4535,0.088,0.364,0.0945,871
4587,2017020209,Arizona Coyotes,Carolina Hurricanes,0.3785,0.051,0.4125,0.158,871
4588,2017020210,Vancouver Canucks,Pittsburgh Penguins,0.366,0.0765,0.455,0.1025,871
4589,2017020211,Los Angeles Kings,Nashville Predators,0.449,0.1045,0.353,0.0935,871
4590,2017020212,San Jose Sharks,Anaheim Ducks,0.4585,0.0715,0.3625,0.1075,871
4601,2017020223,Buffalo Sabres,Washington Capitals,0.2995,0.0545,0.5235,0.1225,873
4602,2017020224,New Jersey Devils,St. Louis Blues,0.3825,0.022,0.434,0.1615,873
4603,2017020225,New York Islanders,Edmonton Oilers,0.524,0.0795,0.316,0.0805,873
4604,2017020226,Pittsburgh Penguins,Arizona Coyotes,0.5905,0.1085,0.2415,0.0595,873
4605,2017020227,Carolina Hurricanes,Florida Panthers,0.423,0.051,0.4005,0.1255,873
4606,2017020228,Columbus Blue Jackets,Nashville Predators,0.443,0.1045,0.3715,0.081,873
4607,2017020229,Montréal Canadiens,Vegas Golden Knights,0.449,0.0915,0.368,0.0915,873
4608,2017020230,Calgary Flames,Vancouver Canucks,0.468,0.093,0.351,0.088,873
4609,2017020231,Anaheim Ducks,Los Angeles Kings,0.4515,0.107,0.3545,0.087,873
4613,2017020235,New Jersey Devils,Edmonton Oilers,0.4555,0.0595,0.3685,0.1165,876
4614,2017020236,Philadelphia Flyers,Chicago Blackhawks,0.38,0.1005,0.434,0.0855,876
4615,2017020237,Montréal Canadiens,Minnesota Wild,0.408,0.0375,0.408,0.1465,876
4616,2017020238,St. Louis Blues,Arizona Coyotes,0.5915,0.156,0.237,0.0155,876
4617,2017020239,Calgary Flames,Detroit Red Wings,0.4445,0.1035,0.382,0.07,876
4618,2017020240,Anaheim Ducks,Vancouver Canucks,0.5235,0.0875,0.302,0.087,876
4619,2017020241,Los Angeles Kings,Tampa Bay Lightning,0.425,0.0855,0.4065,0.083,876
4621,2017020242,Buffalo Sabres,Florida Panthers,0.3695,0.067,0.435,0.1285,877
4622,2017020243,Toronto Maple Leafs,Boston Bruins,0.415,0.0905,0.4095,0.085,877
4623,2017020244,Washington Capitals,Pittsburgh Penguins,0.4865,0.0855,0.3385,0.0895,877
4624,2017020245,Columbus Blue Jackets,Carolina Hurricanes,0.505,0.089,0.3245,0.0815,877
4625,2017020246,Dallas Stars,New York Islanders,0.4305,0.07,0.3945,0.105,877
4626,2017020248,Vegas Golden Knights,Winnipeg Jets,0.4835,0.0795,0.3495,0.0875,877
4627,2017020249,New York Rangers,Edmonton Oilers,0.5365,0.0985,0.308,0.057,877
4628,2017020252,Ottawa Senators,Colorado Avalanche,0.5345,0.117,0.292,0.0565,877
4629,2017020250,Boston Bruins,Toronto Maple Leafs,0.494,0.0675,0.3425,0.096,879
4630,2017020251,Montréal Canadiens,Buffalo Sabres,0.5155,0.102,0.286,0.0965,879
4631,2017020253,Detroit Red Wings,Columbus Blue Jackets,0.4445,0.073,0.3685,0.114,879
4632,2017020254,New Jersey Devils,Florida Panthers,0.404,0.0675,0.407,0.1215,879
4633,2017020255,Philadelphia Flyers,Minnesota Wild,0.3845,0.148,0.422,0.0455,879
4634,2017020256,Carolina Hurricanes,Chicago Blackhawks,0.395,0.0725,0.4365,0.096,879
4635,2017020257,St. Louis Blues,New York Islanders,0.48,0.0915,0.3595,0.069,879
4636,2017020258,Nashville Predators,Pittsburgh Penguins,0.426,0.0585,0.393,0.1225,879
4637,2017020260,San Jose Sharks,Vancouver Canucks,0.532,0.109,0.3025,0.0565,879
4638,2017020259,Arizona Coyotes,Winnipeg Jets,0.361,0.0575,0.4655,0.116,879
4645,2017020267,Pittsburgh Penguins,Buffalo Sabres,0.574,0.1325,0.2505,0.043,882
4646,2017020268,Montréal Canadiens,Columbus Blue Jackets,0.4375,0.104,0.381,0.0775,882
4647,2017020269,Florida Panthers,Dallas Stars,0.4735,0.0575,0.367,0.102,882
4648,2017020270,Nashville Predators,Washington Capitals,0.4065,0.1045,0.4105,0.0785,882
4649,2017020271,Minnesota Wild,Philadelphia Flyers,0.5195,0.0515,0.318,0.111,882
4650,2017020272,Winnipeg Jets,Arizona Coyotes,0.579,0.1075,0.2535,0.06,882
4651,2017020273,Edmonton Oilers,Vegas Golden Knights,0.402,0.0835,0.4175,0.097,882
4652,2017020274,Los Angeles Kings,Vancouver Canucks,0.507,0.1,0.306,0.087,882
4656,2017020278,Toronto Maple Leafs,New Jersey Devils,0.458,0.082,0.352,0.108,885
4657,2017020279,New York Islanders,Carolina Hurricanes,0.5025,0.086,0.3215,0.09,885
4658,2017020280,Montréal Canadiens,Arizona Coyotes,0.5585,0.0805,0.278,0.083,885
4659,2017020281,Ottawa Senators,Pittsburgh Penguins,0.4145,0.0675,0.41,0.108,885
4660,2017020282,Tampa Bay Lightning,Dallas Stars,0.5295,0.086,0.308,0.0765,885
4661,2017020283,Minnesota Wild,Nashville Predators,0.47,0.086,0.361,0.083,885
4662,2017020284,Winnipeg Jets,Philadelphia Flyers,0.4635,0.037,0.358,0.1415,885
4663,2017020285,Colorado Avalanche,Washington Capitals,0.326,0.022,0.5085,0.1435,885
4664,2017020286,Edmonton Oilers,St. Louis Blues,0.398,0.0715,0.4475,0.083,885
4665,2017020287,Vancouver Canucks,Vegas Golden Knights,0.4115,0.0585,0.424,0.106,885
4666,2017020288,Los Angeles Kings,Boston Bruins,0.473,0.104,0.3375,0.0855,885
4667,2017020289,San Jose Sharks,Florida Panthers,0.474,0.0875,0.3535,0.085,885
4675,2017020297,Buffalo Sabres,Carolina Hurricanes,0.3805,0.087,0.4375,0.095,888
4676,2017020298,Montréal Canadiens,Toronto Maple Leafs,0.4755,0.124,0.353,0.0475,888
4677,2017020299,Tampa Bay Lightning,New York Islanders,0.506,0.1,0.3255,0.0685,888
4678,2017020300,Pittsburgh Penguins,Chicago Blackhawks,0.464,0.045,0.3665,0.1245,888
4679,2017020301,Washington Capitals,Minnesota Wild,0.484,0.1365,0.3355,0.044,888
4680,2017020302,Nashville Predators,Colorado Avalanche,0.546,0.125,0.2695,0.0595,888
4681,2017020303,Vancouver Canucks,St. Louis Blues,0.3795,0.084,0.4485,0.088,888
4682,2017020304,San Jose Sharks,Boston Bruins,0.4705,0.0825,0.3465,0.1005,888
4697,2017020319,Buffalo Sabres,Minnesota Wild,0.3165,0.067,0.5065,0.11,890
4698,2017020320,Detroit Red Wings,Edmonton Oilers,0.499,0.0935,0.336,0.0715,890
4699,2017020321,Florida Panthers,Toronto Maple Leafs,0.4765,0.094,0.3535,0.076,890
4700,2017020322,New Jersey Devils,Boston Bruins,0.3975,0.046,0.4195,0.137,890
4701,2017020323,New York Islanders,Philadelphia Flyers,0.481,0.0955,0.326,0.0975,890
4702,2017020324,Pittsburgh Penguins,Vancouver Canucks,0.5435,0.101,0.2765,0.079,890
4703,2017020325,Washington Capitals,Ottawa Senators,0.5335,0.128,0.2965,0.042,890
4704,2017020326,Carolina Hurricanes,New York Rangers,0.3815,0.047,0.4375,0.134,890
4705,2017020327,Columbus Blue Jackets,Calgary Flames,0.4885,0.103,0.3515,0.057,890
4706,2017020328,Tampa Bay Lightning,Chicago Blackhawks,0.4725,0.0945,0.342,0.091,890
4707,2017020329,Nashville Predators,Montréal Canadiens,0.4765,0.0915,0.3335,0.0985,890
4708,2017020330,Colorado Avalanche,Dallas Stars,0.4305,0.098,0.41,0.0615,890
4709,2017020331,Arizona Coyotes,San Jose Sharks,0.319,0.069,0.5055,0.1065,890
4710,2017020332,Anaheim Ducks,Vegas Golden Knights,0.4755,0.056,0.353,0.1155,890
4711,2017020333,Los Angeles Kings,Winnipeg Jets,0.4985,0.083,0.32,0.0985,890
4718,2017020339,Buffalo Sabres,Edmonton Oilers,0.392,0.068,0.4305,0.1095,893
4719,2017020340,New Jersey Devils,Vancouver Canucks,0.472,0.1415,0.347,0.0395,893
4720,2017020341,New York Rangers,Detroit Red Wings,0.5165,0.0835,0.322,0.078,893
4721,2017020342,Columbus Blue Jackets,Ottawa Senators,0.447,0.0515,0.387,0.1145,893
4722,2017020343,Carolina Hurricanes,Toronto Maple Leafs,0.456,0.106,0.3625,0.0755,893
4723,2017020344,St. Louis Blues,Nashville Predators,0.4515,0.0815,0.361,0.106,893
4724,2017020346,Arizona Coyotes,Los Angeles Kings,0.342,0.08,0.4885,0.0895,893
4725,2017020345,Dallas Stars,Calgary Flames,0.475,0.084,0.3525,0.0885,893
4726,2017020348,Toronto Maple Leafs,Washington Capitals,0.361,0.0495,0.464,0.1255,895
4727,2017020349,Montréal Canadiens,Buffalo Sabres,0.553,0.0995,0.2745,0.073,895
4728,2017020350,Ottawa Senators,New York Islanders,0.442,0.0605,0.393,0.1045,895
4729,2017020351,Detroit Red Wings,New Jersey Devils,0.5065,0.1075,0.326,0.06,895
4730,2017020352,Florida Panthers,Chicago Blackhawks,0.3995,0.07,0.4205,0.11,895
4731,2017020353,Pittsburgh Penguins,Tampa Bay Lightning,0.476,0.09,0.36,0.074,895
4732,2017020355,Arizona Coyotes,Vegas Golden Knights,0.331,0.037,0.515,0.117,895
4733,2017020354,St. Louis Blues,Minnesota Wild,0.4355,0.104,0.37,0.0905,895
4734,2017020357,San Jose Sharks,Winnipeg Jets,0.4945,0.1055,0.336,0.064,895
4735,2017020356,Colorado Avalanche,Calgary Flames,0.4215,0.0465,0.4005,0.1315,895
4736,2017020358,Los Angeles Kings,Anaheim Ducks,0.443,0.086,0.363,0.108,895
4745,2017020367,Buffalo Sabres,Tampa Bay Lightning,0.3255,0.0445,0.4955,0.1345,898
4746,2017020368,New York Islanders,Vancouver Canucks,0.5195,0.0905,0.309,0.081,898
4747,2017020369,New York Rangers,Florida Panthers,0.509,0.121,0.3045,0.0655,898
4748,2017020370,Philadelphia Flyers,San Jose Sharks,0.396,0.0645,0.406,0.1335,898
4749,2017020371,Columbus Blue Jackets,Carolina Hurricanes,0.5005,0.0655,0.339,0.095,898
4750,2017020372,Detroit Red Wings,Los Angeles Kings,0.4065,0.0905,0.4005,0.1025,898
4751,2017020373,Nashville Predators,Chicago Blackhawks,0.4475,0.072,0.3745,0.106,898
4752,2017020374,Calgary Flames,Toronto Maple Leafs,0.4565,0.0955,0.363,0.085,898
4753,2017020375,Edmonton Oilers,Arizona Coyotes,0.5185,0.0605,0.317,0.104,898
4754,2017020376,Vegas Golden Knights,Dallas Stars,0.4895,0.106,0.3615,0.043,898
4759,2017020381,Washington Capitals,Los Angeles Kings,0.487,0.099,0.32,0.094,901
4760,2017020382,Detroit Red Wings,Montréal Canadiens,0.45,0.0555,0.386,0.1085,901
4761,2017020383,Nashville Predators,Vancouver Canucks,0.524,0.105,0.3065,0.0645,901
4762,2017020384,Minnesota Wild,Vegas Golden Knights,0.4875,0.086,0.343,0.0835,901
4763,2017020385,Chicago Blackhawks,Dallas Stars,0.521,0.101,0.3075,0.0705,901
4764,2017020386,Calgary Flames,Arizona Coyotes,0.519,0.1235,0.3085,0.049,901
4765,2017020387,Edmonton Oilers,Toronto Maple Leafs,0.461,0.054,0.384,0.101,901
4766,2017020388,Buffalo Sabres,Pittsburgh Penguins,0.326,0.038,0.507,0.129,902
4767,2017020389,New York Islanders,Ottawa Senators,0.478,0.1025,0.3565,0.063,902
4768,2017020390,New York Rangers,Carolina Hurricanes,0.526,0.1155,0.322,0.0365,902
4769,2017020391,Columbus Blue Jackets,Anaheim Ducks,0.4625,0.1185,0.36,0.059,902
4770,2017020392,Florida Panthers,San Jose Sharks,0.4,0.0975,0.421,0.0815,902
4771,2017020393,St. Louis Blues,Los Angeles Kings,0.449,0.106,0.3715,0.0735,902
4772,2017020394,Winnipeg Jets,Vegas Golden Knights,0.4465,0.054,0.386,0.1135,902
4773,2017020395,Colorado Avalanche,New Jersey Devils,0.423,0.1185,0.405,0.0535,902
4786,2017020408,Chicago Blackhawks,Los Angeles Kings,0.464,0.083,0.3565,0.0965,906
4787,2017020409,Winnipeg Jets,Ottawa Senators,0.4695,0.1195,0.357,0.054,906
4788,2017020411,Vegas Golden Knights,Arizona Coyotes,0.575,0.126,0.2695,0.0295,906
4789,2017020410,Colorado Avalanche,Dallas Stars,0.402,0.109,0.4275,0.0615,906
4790,2017020412,Washington Capitals,San Jose Sharks,0.496,0.038,0.3275,0.1385,906
4791,2017020413,Florida Panthers,New York Islanders,0.4255,0.0965,0.4015,0.0765,906
4792,2017020414,Nashville Predators,Boston Bruins,0.468,0.0995,0.3335,0.099,906
4793,2017020415,Calgary Flames,Philadelphia Flyers,0.441,0.1205,0.379,0.0595,906
4794,2017020417,Columbus Blue Jackets,New Jersey Devils,0.506,0.116,0.323,0.055,908
4795,2017020416,Pittsburgh Penguins,New York Rangers,0.4515,0.1005,0.379,0.069,908
4796,2017020418,Montréal Canadiens,St. Louis Blues,0.41,0.0805,0.413,0.0965,908
4797,2017020419,Detroit Red Wings,Winnipeg Jets,0.452,0.101,0.3665,0.0805,908
4798,2017020420,Tampa Bay Lightning,New York Islanders,0.501,0.0935,0.3315,0.074,908
4799,2017020421,Dallas Stars,Nashville Predators,0.4235,0.0885,0.402,0.086,908
4800,2017020422,Colorado Avalanche,Buffalo Sabres,0.4815,0.115,0.3285,0.075,908
4801,2017020423,Vancouver Canucks,Carolina Hurricanes,0.424,0.1405,0.3945,0.041,908
4802,2017020424,Vegas Golden Knights,Anaheim Ducks,0.4225,0.1395,0.3885,0.0495,908
4803,2017020425,Los Angeles Kings,Minnesota Wild,0.415,0.0845,0.3975,0.103,908
4808,2017020430,Boston Bruins,Arizona Coyotes,0.5695,0.1365,0.2775,0.0165,911
4809,2017020431,Pittsburgh Penguins,New York Islanders,0.496,0.0755,0.3425,0.086,911
4810,2017020432,Montréal Canadiens,Calgary Flames,0.487,0.086,0.335,0.092,911
4811,2017020433,Tampa Bay Lightning,Colorado Avalanche,0.5755,0.0845,0.2605,0.0795,911
4812,2017020434,Florida Panthers,Winnipeg Jets,0.452,0.0915,0.3685,0.088,911
4813,2017020435,St. Louis Blues,Dallas Stars,0.507,0.0925,0.331,0.0695,911
4814,2017020436,Vancouver Canucks,Philadelphia Flyers,0.433,0.104,0.3835,0.0795,911
4815,2017020437,Los Angeles Kings,Ottawa Senators,0.4865,0.0705,0.3335,0.1095,911
4816,2017020438,San Jose Sharks,Carolina Hurricanes,0.519,0.095,0.299,0.087,911
4823,2017020444,Boston Bruins,New York Islanders,0.4595,0.112,0.359,0.0695,913
4824,2017020445,Montréal Canadiens,Edmonton Oilers,0.5085,0.072,0.3105,0.109,913
4825,2017020447,Tampa Bay Lightning,Winnipeg Jets,0.507,0.0955,0.321,0.0765,913
4826,2017020448,Florida Panthers,Colorado Avalanche,0.531,0.105,0.304,0.06,913
4827,2017020449,New York Rangers,New Jersey Devils,0.548,0.102,0.2805,0.0695,913
4828,2017020450,Pittsburgh Penguins,Toronto Maple Leafs,0.5275,0.106,0.305,0.0615,913
4829,2017020451,Columbus Blue Jackets,Arizona Coyotes,0.555,0.112,0.273,0.06,913
4830,2017020452,Dallas Stars,Vegas Golden Knights,0.46,0.0795,0.372,0.0885,913
4831,2017020454,San Jose Sharks,Ottawa Senators,0.4825,0.042,0.34,0.1355,913
4832,2017020453,Calgary Flames,Vancouver Canucks,0.4665,0.1065,0.3465,0.0805,913
4833,2017020455,Los Angeles Kings,Carolina Hurricanes,0.515,0.09,0.308,0.087,913
4834,2017020457,Chicago Blackhawks,Arizona Coyotes,0.5945,0.143,0.2325,0.03,915
4835,2017020458,St. Louis Blues,Buffalo Sabres,0.5865,0.1215,0.252,0.04,915
4836,2017020456,Toronto Maple Leafs,Edmonton Oilers,0.446,0.126,0.3695,0.0585,915
4837,2017020459,San Jose Sharks,Minnesota Wild,0.427,0.076,0.4035,0.0935,915
4838,2017020460,New York Islanders,Washington Capitals,0.3825,0.068,0.44,0.1095,915
4839,2017020461,New York Rangers,Dallas Stars,0.518,0.0835,0.319,0.0795,915
4840,2017020462,Pittsburgh Penguins,Colorado Avalanche,0.5695,0.1,0.2775,0.053,915
4841,2017020463,Detroit Red Wings,Florida Panthers,0.4615,0.063,0.3645,0.111,915
4842,2017020464,Winnipeg Jets,Vancouver Canucks,0.4995,0.123,0.313,0.0645,915
4843,2017020465,Anaheim Ducks,Carolina Hurricanes,0.4785,0.1325,0.347,0.042,915
4844,2017020466,Buffalo Sabres,Ottawa Senators,0.3815,0.091,0.4525,0.075,916
4845,2017020467,New Jersey Devils,Los Angeles Kings,0.392,0.087,0.4225,0.0985,916
4846,2017020468,Philadelphia Flyers,Toronto Maple Leafs,0.4765,0.086,0.3475,0.09,916
4847,2017020469,Washington Capitals,Colorado Avalanche,0.592,0.122,0.247,0.039,916
4848,2017020470,Columbus Blue Jackets,Edmonton Oilers,0.5025,0.123,0.332,0.0425,916
4849,2017020471,St. Louis Blues,Tampa Bay Lightning,0.429,0.1405,0.377,0.0535,916
4850,2017020472,Minnesota Wild,Calgary Flames,0.541,0.1035,0.289,0.0665,916
4851,2017020473,Chicago Blackhawks,Florida Panthers,0.5105,0.114,0.3135,0.062,916
4852,2017020474,Vegas Golden Knights,Carolina Hurricanes,0.4955,0.087,0.3275,0.09,916
4857,2017020479,Boston Bruins,Washington Capitals,0.3955,0.0425,0.426,0.136,919
4858,2017020480,Philadelphia Flyers,Buffalo Sabres,0.537,0.097,0.286,0.08,919
4859,2017020481,Columbus Blue Jackets,New York Islanders,0.4525,0.0765,0.366,0.105,919
4860,2017020482,Montréal Canadiens,New Jersey Devils,0.502,0.1045,0.3315,0.062,919
4861,2017020483,St. Louis Blues,Anaheim Ducks,0.5055,0.0875,0.3315,0.0755,919
4862,2017020484,Minnesota Wild,Toronto Maple Leafs,0.533,0.137,0.293,0.037,919
4863,2017020485,Winnipeg Jets,Chicago Blackhawks,0.3985,0.103,0.417,0.0815,919
4864,2017020486,Colorado Avalanche,Florida Panthers,0.394,0.078,0.4385,0.0895,919
4865,2017020487,Calgary Flames,San Jose Sharks,0.391,0.122,0.4115,0.0755,919
4866,2017020488,Edmonton Oilers,Nashville Predators,0.3765,0.021,0.4325,0.17,919
4867,2017020489,Arizona Coyotes,Tampa Bay Lightning,0.314,0.0685,0.5015,0.116,919
4868,2017020490,Vegas Golden Knights,Pittsburgh Penguins,0.4035,0.09,0.412,0.0945,919
4876,2017020501,St. Louis Blues,Winnipeg Jets,0.486,0.0825,0.3175,0.114,921
4877,2017020498,Ottawa Senators,Montréal Canadiens,0.4465,0.0855,0.377,0.091,921
4878,2017020499,New York Islanders,Los Angeles Kings,0.436,0.0815,0.378,0.1045,921
4879,2017020500,Philadelphia Flyers,Dallas Stars,0.441,0.068,0.377,0.114,921
4880,2017020503,Carolina Hurricanes,Columbus Blue Jackets,0.4115,0.1005,0.4095,0.0785,921
4881,2017020504,Arizona Coyotes,Pittsburgh Penguins,0.3145,0.063,0.503,0.1195,921
4882,2017020502,Washington Capitals,Anaheim Ducks,0.496,0.1095,0.329,0.0655,921
4883,2017020505,Colorado Avalanche,Tampa Bay Lightning,0.373,0.0755,0.451,0.1005,921
4884,2017020506,Calgary Flames,Nashville Predators,0.3905,0.1185,0.433,0.058,921
4885,2017020507,Winnipeg Jets,St. Louis Blues,0.4195,0.0905,0.4025,0.0875,923
4886,2017020508,Chicago Blackhawks,Minnesota Wild,0.451,0.0975,0.3575,0.094,923
4887,2017020509,Vancouver Canucks,Calgary Flames,0.42,0.08,0.398,0.102,923
4888,2017020510,Vegas Golden Knights,Florida Panthers,0.467,0.085,0.355,0.093,923
4889,2017020511,Boston Bruins,Columbus Blue Jackets,0.484,0.0845,0.341,0.0905,923
4890,2017020512,New Jersey Devils,Anaheim Ducks,0.3985,0.0385,0.4225,0.1405,923
4891,2017020513,Philadelphia Flyers,Los Angeles Kings,0.403,0.0795,0.4255,0.092,923
4892,2017020514,Colorado Avalanche,Pittsburgh Penguins,0.357,0.0655,0.4835,0.094,923
4893,2017020515,Edmonton Oilers,San Jose Sharks,0.389,0.096,0.43,0.085,923
4895,2017020518,New York Islanders,Detroit Red Wings,0.4695,0.0755,0.3585,0.0965,925
4896,2017020519,New York Rangers,Anaheim Ducks,0.4965,0.1235,0.3375,0.0425,925
4897,2017020520,Ottawa Senators,Minnesota Wild,0.412,0.0975,0.395,0.0955,925
4898,2017020517,Buffalo Sabres,Boston Bruins,0.332,0.0525,0.4765,0.139,925
4899,2017020521,Nashville Predators,Winnipeg Jets,0.4925,0.0905,0.343,0.074,925
4900,2017020522,Dallas Stars,Washington Capitals,0.3885,0.126,0.436,0.0495,925
4901,2017020523,Arizona Coyotes,Florida Panthers,0.3765,0.09,0.447,0.0865,925
4902,2017020524,Vancouver Canucks,Montréal Canadiens,0.4175,0.0655,0.396,0.121,925
4903,2017020525,Vegas Golden Knights,Tampa Bay Lightning,0.41,0.0895,0.4215,0.079,925
4907,2017020529,Boston Bruins,Winnipeg Jets,0.488,0.092,0.348,0.072,928
4908,2017020530,New Jersey Devils,New York Rangers,0.33,0.0835,0.459,0.1275,928
4909,2017020531,New York Islanders,Anaheim Ducks,0.432,0.1145,0.397,0.0565,928
4910,2017020532,Pittsburgh Penguins,Columbus Blue Jackets,0.5035,0.0835,0.339,0.074,928
4911,2017020533,Tampa Bay Lightning,Ottawa Senators,0.509,0.11,0.327,0.054,928
4912,2017020534,Nashville Predators,Carolina Hurricanes,0.536,0.0745,0.2895,0.1,928
4913,2017020535,Dallas Stars,Chicago Blackhawks,0.396,0.0805,0.4315,0.092,928
4914,2017020536,Edmonton Oilers,St. Louis Blues,0.3775,0.075,0.4495,0.098,928
4915,2017020537,Los Angeles Kings,Colorado Avalanche,0.5445,0.101,0.2825,0.072,928
4916,2017020538,San Jose Sharks,Vancouver Canucks,0.5445,0.098,0.296,0.0615,928
4923,2017020552,Edmonton Oilers,Montréal Canadiens,0.429,0.106,0.3955,0.0695,930
4924,2017020545,Tampa Bay Lightning,Minnesota Wild,0.471,0.0955,0.341,0.0925,930
4925,2017020546,Florida Panthers,Ottawa Senators,0.46,0.1,0.3595,0.0805,930
4926,2017020547,New Jersey Devils,Chicago Blackhawks,0.3495,0.0845,0.459,0.107,930
4927,2017020548,New York Rangers,Toronto Maple Leafs,0.55,0.094,0.29,0.066,930
4928,2017020549,Pittsburgh Penguins,Anaheim Ducks,0.479,0.13,0.348,0.043,930
4929,2017020550,Carolina Hurricanes,Buffalo Sabres,0.4945,0.0975,0.3225,0.0855,930
4930,2017020551,Columbus Blue Jackets,Philadelphia Flyers,0.4485,0.1465,0.363,0.042,930
4931,2017020555,Vegas Golden Knights,Washington Capitals,0.4115,0.0835,0.424,0.081,930
4932,2017020554,Arizona Coyotes,Colorado Avalanche,0.4245,0.084,0.387,0.1045,930
4933,2017020553,Dallas Stars,Nashville Predators,0.43,0.0895,0.4025,0.078,930
4934,2017020556,Vancouver Canucks,St. Louis Blues,0.3685,0.0745,0.452,0.105,930
4935,2017020557,San Jose Sharks,Los Angeles Kings,0.455,0.0985,0.369,0.0775,930
4936,2017020558,Boston Bruins,Ottawa Senators,0.484,0.0585,0.34,0.1175,934
4937,2017020559,New Jersey Devils,Detroit Red Wings,0.44,0.0685,0.382,0.1095,934
4938,2017020560,New York Islanders,Buffalo Sabres,0.5625,0.0985,0.274,0.065,934
4939,2017020562,Pittsburgh Penguins,Columbus Blue Jackets,0.514,0.0815,0.3305,0.074,934
4940,2017020563,Carolina Hurricanes,Montréal Canadiens,0.411,0.069,0.3995,0.1205,934
4941,2017020564,St. Louis Blues,Nashville Predators,0.4705,0.086,0.3505,0.093,934
4942,2017020565,Minnesota Wild,Dallas Stars,0.5055,0.09,0.3185,0.086,934
4943,2017020566,Winnipeg Jets,Edmonton Oilers,0.5085,0.0615,0.3325,0.0975,934
4944,2017020561,New York Rangers,Washington Capitals,0.4315,0.087,0.39,0.0915,934
4945,2017020567,Colorado Avalanche,Arizona Coyotes,0.515,0.092,0.321,0.072,934
4946,2017020568,Anaheim Ducks,Vegas Golden Knights,0.47,0.0325,0.345,0.1525,934
4947,2017020569,Washington Capitals,Boston Bruins,0.527,0.1425,0.298,0.0325,936
4948,2017020570,Tampa Bay Lightning,Montréal Canadiens,0.507,0.1045,0.3105,0.078,936
4949,2017020571,Florida Panthers,Philadelphia Flyers,0.4535,0.0745,0.369,0.103,936
4950,2017020572,Arizona Coyotes,Toronto Maple Leafs,0.3825,0.149,0.4285,0.04,936
4951,2017020573,Vancouver Canucks,Chicago Blackhawks,0.3565,0.081,0.4695,0.093,936
4952,2017020574,Los Angeles Kings,Vegas Golden Knights,0.4445,0.0865,0.3715,0.0975,936
4953,2017020575,San Jose Sharks,Calgary Flames,0.5285,0.0685,0.3235,0.0795,936
4954,2017020576,New Jersey Devils,Buffalo Sabres,0.5065,0.1585,0.3005,0.0345,938
4955,2017020577,Ottawa Senators,Columbus Blue Jackets,0.4545,0.109,0.3615,0.075,938
4956,2017020578,Detroit Red Wings,New York Rangers,0.3935,0.0755,0.4305,0.1005,938
4957,2017020579,Tampa Bay Lightning,Philadelphia Flyers,0.535,0.0845,0.3035,0.077,938
4958,2017020580,Carolina Hurricanes,Pittsburgh Penguins,0.3865,0.066,0.4315,0.116,938
4959,2017020581,Minnesota Wild,Nashville Predators,0.4605,0.1005,0.348,0.091,938
4960,2017020582,Winnipeg Jets,New York Islanders,0.449,0.056,0.377,0.118,938
4961,2017020583,Dallas Stars,St. Louis Blues,0.411,0.068,0.411,0.11,938
4962,2017020584,Colorado Avalanche,Toronto Maple Leafs,0.412,0.0655,0.413,0.1095,938
4963,2017020585,Edmonton Oilers,Chicago Blackhawks,0.3815,0.0635,0.4455,0.1095,938
4964,2017020586,Anaheim Ducks,Calgary Flames,0.511,0.1465,0.3015,0.041,938
4971,2017020593,Vegas Golden Knights,Toronto Maple Leafs,0.507,0.0555,0.3175,0.12,941
4972,2017020598,Anaheim Ducks,Arizona Coyotes,0.5825,0.086,0.2555,0.076,941
4973,2017020594,Columbus Blue Jackets,Tampa Bay Lightning,0.4035,0.065,0.425,0.1065,941
4974,2017020600,Edmonton Oilers,Winnipeg Jets,0.4005,0.114,0.4165,0.069,941
4975,2017020595,Detroit Red Wings,Pittsburgh Penguins,0.4125,0.0965,0.422,0.069,941
4976,2017020597,Colorado Avalanche,New York Islanders,0.397,0.081,0.4265,0.0955,941
4977,2017020596,Dallas Stars,San Jose Sharks,0.4275,0.105,0.391,0.0765,941
