,game_pk,home_team,away_team,home_regulation_win,home_OT_SO_win,away_regulation_win,away_OT_SO_win,card
1351,2016030163,St. Louis Blues,Minnesota Wild,0.4375,0.1065,0.3965,0.0595,647
1352,2016030143,Columbus Blue Jackets,Pittsburgh Penguins,0.4505,0.072,0.38,0.0975,647
1353,2016030113,New York Rangers,Montréal Canadiens,0.4905,0.0555,0.3275,0.1265,647
1354,2016030183,San Jose Sharks,Edmonton Oilers,0.4205,0.0785,0.39,0.111,647
1355,2016030123,Boston Bruins,Ottawa Senators,0.5155,0.044,0.305,0.1355,647
1356,2016030133,Toronto Maple Leafs,Washington Capitals,0.409,0.0825,0.4165,0.092,647
1357,2016030153,Nashville Predators,Chicago Blackhawks,0.4765,0.0745,0.3525,0.0965,647
1358,2016030173,Calgary Flames,Anaheim Ducks,0.4295,0.0445,0.396,0.13,647
1355,2016030123,Boston Bruins,Ottawa Senators,0.5005,0.0385,0.322,0.139,649
1356,2016030133,Toronto Maple Leafs,Washington Capitals,0.397,0.081,0.426,0.096,649
1357,2016030153,Nashville Predators,Chicago Blackhawks,0.4925,0.0775,0.343,0.087,649
1358,2016030173,Calgary Flames,Anaheim Ducks,0.4245,0.032,0.382,0.1615,649
1359,2016030114,New York Rangers,Montréal Canadiens,0.482,0.0505,0.3335,0.134,649
1360,2016030144,Columbus Blue Jackets,Pittsburgh Penguins,0.435,0.06,0.3925,0.1125,649
1361,2016030184,San Jose Sharks,Edmonton Oilers,0.411,0.0665,0.399,0.1235,649
1359,2016030114,New York Rangers,Montréal Canadiens,0.4715,0.041,0.3595,0.128,651
1360,2016030144,Columbus Blue Jackets,Pittsburgh Penguins,0.452,0.058,0.378,0.112,651
1361,2016030184,San Jose Sharks,Edmonton Oilers,0.424,0.074,0.3875,0.1145,651
1362,2016030134,Toronto Maple Leafs,Washington Capitals,0.3985,0.089,0.4295,0.083,651
1363,2016030124,Boston Bruins,Ottawa Senators,0.486,0.0445,0.341,0.1285,651
1364,2016030164,St. Louis Blues,Minnesota Wild,0.4305,0.118,0.392,0.0595,651
1365,2016030174,Calgary Flames,Anaheim Ducks,0.424,0.0335,0.3895,0.153,651
1362,2016030134,Toronto Maple Leafs,Washington Capitals,0.4085,0.0915,0.4175,0.0825,654
1363,2016030124,Boston Bruins,Ottawa Senators,0.4915,0.0395,0.327,0.142,654
1364,2016030164,St. Louis Blues,Minnesota Wild,0.4565,0.1105,0.382,0.051,654
1365,2016030174,Calgary Flames,Anaheim Ducks,0.429,0.0445,0.369,0.1575,654
1366,2016030115,Montréal Canadiens,New York Rangers,0.437,0.1115,0.3885,0.063,654
1367,2016030145,Pittsburgh Penguins,Columbus Blue Jackets,0.4875,0.106,0.3395,0.067,654
1368,2016030154,Nashville Predators,Chicago Blackhawks,0.481,0.087,0.3415,0.0905,654
1369,2016030185,Edmonton Oilers,San Jose Sharks,0.4645,0.0885,0.354,0.093,654
1377,2016030231,St. Louis Blues,Nashville Predators,0.444,0.0635,0.389,0.1035,662
1378,2016030241,Anaheim Ducks,Edmonton Oilers,0.4585,0.063,0.3625,0.116,662
1379,2016030211,Ottawa Senators,New York Rangers,0.3985,0.1045,0.4255,0.0715,662
1380,2016030221,Washington Capitals,Pittsburgh Penguins,0.489,0.101,0.334,0.076,662
1381,2016030232,St. Louis Blues,Nashville Predators,0.4575,0.0695,0.3635,0.1095,665
1382,2016030242,Anaheim Ducks,Edmonton Oilers,0.442,0.0535,0.3835,0.121,665
1383,2016030212,Ottawa Senators,New York Rangers,0.407,0.1185,0.419,0.0555,665
1384,2016030222,Washington Capitals,Pittsburgh Penguins,0.5035,0.062,0.338,0.0965,665
1385,2016030233,Nashville Predators,St. Louis Blues,0.471,0.1185,0.3405,0.07,665
1386,2016030243,Edmonton Oilers,Anaheim Ducks,0.4875,0.1155,0.3395,0.0575,665
1387,2016030223,Pittsburgh Penguins,Washington Capitals,0.464,0.0975,0.377,0.0615,665
1534,2017020005,Boston Bruins,Nashville Predators,0.433,0.0845,0.3875,0.095,836
1535,2017020006,Buffalo Sabres,Montréal Canadiens,0.4065,0.0875,0.398,0.108,836
1536,2017020007,New York Rangers,Colorado Avalanche,0.61,0.113,0.2355,0.0415,836
1537,2017020008,Ottawa Senators,Washington Capitals,0.4005,0.072,0.4145,0.113,836
1538,2017020009,Detroit Red Wings,Minnesota Wild,0.3935,0.086,0.4335,0.087,836
1539,2017020010,Chicago Blackhawks,Pittsburgh Penguins,0.4265,0.087,0.396,0.0905,836
1540,2017020011,Anaheim Ducks,Arizona Coyotes,0.5125,0.0915,0.32,0.076,836
1541,2017020012,Los Angeles Kings,Philadelphia Flyers,0.4425,0.0935,0.36,0.104,836
1546,2017020016,Toronto Maple Leafs,New York Rangers,0.4965,0.0665,0.349,0.088,838
1547,2017020017,Ottawa Senators,Detroit Red Wings,0.484,0.0595,0.3455,0.111,838
1548,2017020018,Florida Panthers,Tampa Bay Lightning,0.4305,0.092,0.3955,0.082,838
1549,2017020020,New York Islanders,Buffalo Sabres,0.4905,0.139,0.3035,0.067,838
1550,2017020021,Pittsburgh Penguins,Nashville Predators,0.507,0.0945,0.3375,0.061,838
1551,2017020022,Washington Capitals,Montréal Canadiens,0.5245,0.095,0.3075,0.073,838
1552,2017020023,Carolina Hurricanes,Minnesota Wild,0.4155,0.06,0.4055,0.119,838
1553,2017020024,St. Louis Blues,Dallas Stars,0.5345,0.0755,0.2955,0.0945,838
1554,2017020025,Chicago Blackhawks,Columbus Blue Jackets,0.4565,0.095,0.3655,0.083,838
1555,2017020026,Arizona Coyotes,Vegas Golden Knights,0.39,0.095,0.425,0.09,838
1556,2017020028,Vancouver Canucks,Edmonton Oilers,0.346,0.0815,0.479,0.0935,838
1557,2017020029,Anaheim Ducks,Philadelphia Flyers,0.4935,0.129,0.339,0.0385,838
1558,2017020027,Calgary Flames,Winnipeg Jets,0.4305,0.111,0.387,0.0715,838
1559,2017020030,San Jose Sharks,Los Angeles Kings,0.458,0.108,0.351,0.083,838
1561,2017020032,Boston Bruins,Colorado Avalanche,0.558,0.0795,0.286,0.0765,839
1562,2017020033,New York Islanders,St. Louis Blues,0.464,0.0705,0.3555,0.11,839
1563,2017020034,Buffalo Sabres,New Jersey Devils,0.4665,0.028,0.349,0.1565,839
1564,2017020035,Toronto Maple Leafs,Chicago Blackhawks,0.478,0.0275,0.3535,0.141,839
1565,2017020036,Tampa Bay Lightning,Washington Capitals,0.456,0.09,0.3625,0.0915,839
1566,2017020037,Edmonton Oilers,Winnipeg Jets,0.5105,0.136,0.3045,0.049,839
1567,2017020038,Anaheim Ducks,Calgary Flames,0.497,0.151,0.3225,0.0295,839
1568,2017020039,New York Rangers,St. Louis Blues,0.4865,0.086,0.341,0.0865,840
1569,2017020040,Carolina Hurricanes,Columbus Blue Jackets,0.4235,0.0865,0.3995,0.0905,840
1570,2017020041,Montréal Canadiens,Chicago Blackhawks,0.4425,0.0465,0.3815,0.1295,840
1571,2017020042,Nashville Predators,Philadelphia Flyers,0.5105,0.083,0.3245,0.082,840
1572,2017020043,Dallas Stars,Detroit Red Wings,0.459,0.095,0.3675,0.0785,840
1573,2017020044,Vancouver Canucks,Ottawa Senators,0.4235,0.038,0.397,0.1415,840
1574,2017020045,Vegas Golden Knights,Arizona Coyotes,0.5205,0.124,0.3015,0.054,840
1580,2017020051,Tampa Bay Lightning,Pittsburgh Penguins,0.429,0.036,0.407,0.128,842
1581,2017020052,Florida Panthers,St. Louis Blues,0.4295,0.091,0.387,0.0925,842
1582,2017020053,Nashville Predators,Dallas Stars,0.519,0.102,0.32,0.059,842
1583,2017020054,Chicago Blackhawks,Minnesota Wild,0.459,0.113,0.3715,0.0565,842
1584,2017020055,Vancouver Canucks,Winnipeg Jets,0.424,0.07,0.4055,0.1005,842
1585,2017020056,Arizona Coyotes,Detroit Red Wings,0.444,0.0875,0.382,0.0865,842
1586,2017020057,San Jose Sharks,Buffalo Sabres,0.515,0.0865,0.3075,0.091,842
1592,2017020068,Winnipeg Jets,Carolina Hurricanes,0.4875,0.0775,0.348,0.087,844
1593,2017020063,Montréal Canadiens,Toronto Maple Leafs,0.4405,0.1065,0.3875,0.0655,844
1594,2017020064,Tampa Bay Lightning,St. Louis Blues,0.4705,0.083,0.3575,0.089,844
1595,2017020065,New York Rangers,New Jersey Devils,0.539,0.099,0.3055,0.0565,844
1596,2017020066,Philadelphia Flyers,Washington Capitals,0.386,0.056,0.427,0.131,844
1597,2017020067,Pittsburgh Penguins,Florida Panthers,0.535,0.12,0.3025,0.0425,844
1598,2017020069,Dallas Stars,Colorado Avalanche,0.514,0.0705,0.325,0.0905,844
1599,2017020070,Minnesota Wild,Columbus Blue Jackets,0.477,0.0435,0.351,0.1285,844
1600,2017020071,Chicago Blackhawks,Nashville Predators,0.4605,0.086,0.352,0.1015,844
1601,2017020072,Arizona Coyotes,Boston Bruins,0.396,0.049,0.418,0.137,844
1602,2017020074,Vancouver Canucks,Calgary Flames,0.4295,0.115,0.389,0.0665,844
1603,2017020073,Edmonton Oilers,Ottawa Senators,0.5235,0.0415,0.2995,0.1355,844
1604,2017020075,Los Angeles Kings,Buffalo Sabres,0.476,0.094,0.34,0.09,844
1605,2017020076,San Jose Sharks,New York Islanders,0.462,0.1475,0.3325,0.058,844
1610,2017020082,New York Rangers,Pittsburgh Penguins,0.428,0.076,0.3965,0.0995,845
1611,2017020083,Philadelphia Flyers,Florida Panthers,0.471,0.1625,0.328,0.0385,845
1612,2017020084,Washington Capitals,Toronto Maple Leafs,0.4995,0.1035,0.3345,0.0625,845
1613,2017020081,New Jersey Devils,Tampa Bay Lightning,0.422,0.062,0.4155,0.1005,845
1614,2017020085,Ottawa Senators,Vancouver Canucks,0.5105,0.152,0.307,0.0305,845
1615,2017020086,Nashville Predators,Colorado Avalanche,0.563,0.147,0.2625,0.0275,845
1616,2017020087,Winnipeg Jets,Columbus Blue Jackets,0.4495,0.089,0.3745,0.087,845
1617,2017020088,Dallas Stars,Arizona Coyotes,0.499,0.1355,0.3315,0.034,845
1618,2017020089,Edmonton Oilers,Carolina Hurricanes,0.4965,0.0805,0.3355,0.0875,845
1619,2017020090,Vegas Golden Knights,Buffalo Sabres,0.5425,0.0815,0.294,0.082,845
1620,2017020091,San Jose Sharks,Montréal Canadiens,0.4525,0.1405,0.3625,0.0445,845
1624,2017020095,Boston Bruins,Vancouver Canucks,0.506,0.135,0.3085,0.0505,848
1625,2017020096,New York Rangers,New York Islanders,0.4915,0.0705,0.3445,0.0935,848
1626,2017020097,Philadelphia Flyers,Nashville Predators,0.4525,0.0695,0.376,0.102,848
1627,2017020098,Columbus Blue Jackets,Tampa Bay Lightning,0.4785,0.138,0.341,0.0425,848
1628,2017020099,Ottawa Senators,New Jersey Devils,0.4855,0.117,0.3315,0.066,848
1629,2017020100,Chicago Blackhawks,Edmonton Oilers,0.4855,0.077,0.3345,0.103,848
1630,2017020101,Colorado Avalanche,St. Louis Blues,0.3575,0.047,0.458,0.1375,848
1631,2017020102,Calgary Flames,Carolina Hurricanes,0.441,0.094,0.3695,0.0955,848
1632,2017020103,Arizona Coyotes,Dallas Stars,0.4585,0.0275,0.377,0.137,848
1633,2017020104,Buffalo Sabres,Vancouver Canucks,0.475,0.0485,0.346,0.1305,850
1634,2017020105,New Jersey Devils,San Jose Sharks,0.4215,0.0445,0.403,0.131,850
1635,2017020106,Detroit Red Wings,Washington Capitals,0.395,0.072,0.4195,0.1135,850
1636,2017020107,Florida Panthers,Pittsburgh Penguins,0.397,0.029,0.427,0.147,850
1637,2017020108,Winnipeg Jets,Minnesota Wild,0.399,0.051,0.4295,0.1205,850
1638,2017020109,Anaheim Ducks,Montréal Canadiens,0.46,0.094,0.365,0.081,850
1639,2017020110,New York Rangers,Nashville Predators,0.479,0.126,0.3565,0.0385,850
1640,2017020111,Philadelphia Flyers,Edmonton Oilers,0.436,0.0865,0.3835,0.094,850
1641,2017020112,Boston Bruins,Buffalo Sabres,0.506,0.153,0.319,0.022,851
1642,2017020113,Ottawa Senators,Toronto Maple Leafs,0.4435,0.1365,0.382,0.038,851
1643,2017020114,Tampa Bay Lightning,Pittsburgh Penguins,0.4185,0.0475,0.406,0.128,851
1644,2017020115,New York Islanders,San Jose Sharks,0.4565,0.075,0.3735,0.095,851
1645,2017020117,Columbus Blue Jackets,Los Angeles Kings,0.4955,0.098,0.3375,0.069,851
1646,2017020116,Washington Capitals,Florida Panthers,0.4965,0.109,0.3105,0.084,851
1647,2017020118,Dallas Stars,Carolina Hurricanes,0.4485,0.124,0.3885,0.039,851
1648,2017020119,Arizona Coyotes,Chicago Blackhawks,0.362,0.056,0.459,0.123,851
1649,2017020120,Calgary Flames,Minnesota Wild,0.3995,0.1215,0.4425,0.0365,851
1650,2017020121,Vegas Golden Knights,St. Louis Blues,0.468,0.0685,0.3625,0.101,851
1654,2017020126,New York Islanders,Arizona Coyotes,0.521,0.0895,0.308,0.0815,854
1655,2017020127,Philadelphia Flyers,Anaheim Ducks,0.455,0.073,0.366,0.106,854
1656,2017020128,Pittsburgh Penguins,Edmonton Oilers,0.4885,0.124,0.3545,0.033,854
1657,2017020129,Carolina Hurricanes,Tampa Bay Lightning,0.4485,0.076,0.3845,0.091,854
1658,2017020125,Buffalo Sabres,Detroit Red Wings,0.4425,0.1195,0.3815,0.0565,854
1659,2017020130,Montréal Canadiens,Florida Panthers,0.466,0.1205,0.358,0.0555,854
1660,2017020131,Ottawa Senators,Los Angeles Kings,0.4575,0.0965,0.3505,0.0955,854
1661,2017020132,Nashville Predators,Calgary Flames,0.4965,0.1025,0.326,0.075,854
1662,2017020133,Minnesota Wild,Vancouver Canucks,0.562,0.062,0.2785,0.0975,854
1663,2017020134,Colorado Avalanche,Dallas Stars,0.404,0.0905,0.4195,0.086,854
1664,2017020135,Vegas Golden Knights,Chicago Blackhawks,0.425,0.0815,0.3995,0.094,854
1667,2017020138,Boston Bruins,San Jose Sharks,0.458,0.1365,0.3655,0.04,857
1668,2017020139,Toronto Maple Leafs,Carolina Hurricanes,0.5025,0.097,0.3305,0.07,857
1669,2017020140,New York Rangers,Arizona Coyotes,0.5435,0.1305,0.2855,0.0405,857
1670,2017020141,Pittsburgh Penguins,Winnipeg Jets,0.5115,0.125,0.3175,0.046,857
1671,2017020142,Montréal Canadiens,Los Angeles Kings,0.45,0.1055,0.372,0.0725,857
1672,2017020143,Ottawa Senators,Philadelphia Flyers,0.467,0.069,0.348,0.116,857
1673,2017020144,Tampa Bay Lightning,Detroit Red Wings,0.513,0.1465,0.3205,0.02,857
1674,2017020145,Florida Panthers,Anaheim Ducks,0.4165,0.1465,0.3925,0.0445,857
1675,2017020146,Minnesota Wild,New York Islanders,0.507,0.0915,0.3195,0.082,857
1676,2017020147,Edmonton Oilers,Dallas Stars,0.535,0.0995,0.2925,0.073,857
1677,2017020148,Vancouver Canucks,Washington Capitals,0.359,0.0445,0.464,0.1325,857
1678,2017020149,Vegas Golden Knights,Colorado Avalanche,0.551,0.0915,0.278,0.0795,858
1679,2017020150,New Jersey Devils,Ottawa Senators,0.4415,0.067,0.3915,0.1,858
1680,2017020151,Columbus Blue Jackets,Winnipeg Jets,0.4945,0.0955,0.335,0.075,858
1681,2017020152,Carolina Hurricanes,St. Louis Blues,0.4225,0.0865,0.4025,0.0885,858
1682,2017020153,Chicago Blackhawks,Nashville Predators,0.462,0.091,0.363,0.084,858
1683,2017020154,Calgary Flames,Dallas Stars,0.455,0.109,0.3615,0.0745,858
1684,2017020155,Buffalo Sabres,San Jose Sharks,0.405,0.072,0.4225,0.1005,858
1685,2017020156,Boston Bruins,Los Angeles Kings,0.476,0.135,0.3365,0.0525,861
1686,2017020157,Toronto Maple Leafs,Philadelphia Flyers,0.517,0.1015,0.319,0.0625,861
1687,2017020158,Montréal Canadiens,New York Rangers,0.4185,0.089,0.4075,0.085,861
1688,2017020159,Tampa Bay Lightning,Anaheim Ducks,0.4945,0.0755,0.3445,0.0855,861
1689,2017020160,Florida Panthers,Detroit Red Wings,0.4685,0.1215,0.3475,0.0625,861
1690,2017020161,New Jersey Devils,Arizona Coyotes,0.4695,0.0885,0.369,0.073,861
1691,2017020162,St. Louis Blues,Columbus Blue Jackets,0.4345,0.11,0.3875,0.068,861
1692,2017020163,Nashville Predators,New York Islanders,0.492,0.0835,0.3435,0.081,861
1693,2017020164,Minnesota Wild,Pittsburgh Penguins,0.463,0.1275,0.365,0.0445,861
1694,2017020165,Colorado Avalanche,Chicago Blackhawks,0.351,0.0745,0.4735,0.101,861
1695,2017020166,Edmonton Oilers,Washington Capitals,0.4435,0.0895,0.3865,0.0805,861
1699,2017020170,New York Islanders,Vegas Golden Knights,0.453,0.0915,0.3675,0.088,863
1700,2017020171,Philadelphia Flyers,Arizona Coyotes,0.5385,0.039,0.3015,0.121,863
1701,2017020172,Columbus Blue Jackets,Boston Bruins,0.4895,0.081,0.321,0.1085,863
1702,2017020173,Ottawa Senators,Montréal Canadiens,0.453,0.0855,0.3625,0.099,863
1703,2017020174,Florida Panthers,Tampa Bay Lightning,0.445,0.1015,0.3725,0.081,863
1704,2017020175,St. Louis Blues,Los Angeles Kings,0.483,0.1195,0.3305,0.067,863
1705,2017020176,Vancouver Canucks,Dallas Stars,0.45,0.0735,0.374,0.1025,863
1706,2017020177,San Jose Sharks,Toronto Maple Leafs,0.452,0.138,0.378,0.032,863
1707,2017020178,New York Rangers,Vegas Golden Knights,0.4625,0.096,0.35,0.0915,865
1708,2017020179,Detroit Red Wings,Arizona Coyotes,0.479,0.1095,0.3365,0.075,865
1709,2017020180,Minnesota Wild,Winnipeg Jets,0.507,0.114,0.3235,0.0555,865
1710,2017020181,Chicago Blackhawks,Philadelphia Flyers,0.508,0.085,0.326,0.081,865
1711,2017020182,Edmonton Oilers,Pittsburgh Penguins,0.47,0.034,0.3595,0.1365,865
1712,2017020183,Vancouver Canucks,New Jersey Devils,0.4575,0.044,0.361,0.1375,865
1713,2017020184,Anaheim Ducks,Toronto Maple Leafs,0.447,0.1265,0.3855,0.041,865
1714,2017020185,San Jose Sharks,Nashville Predators,0.433,0.074,0.378,0.115,865
1715,2017020186,Boston Bruins,Vegas Golden Knights,0.445,0.0645,0.3745,0.116,868
1716,2017020187,Washington Capitals,New York Islanders,0.501,0.1045,0.313,0.0815,868
1717,2017020188,Ottawa Senators,Detroit Red Wings,0.5005,0.0555,0.3375,0.1065,868
1718,2017020189,Tampa Bay Lightning,New York Rangers,0.471,0.059,0.3595,0.1105,868
1719,2017020190,Florida Panthers,Columbus Blue Jackets,0.413,0.101,0.4095,0.0765,868
1720,2017020191,St. Louis Blues,Philadelphia Flyers,0.491,0.121,0.3445,0.0435,868
1721,2017020192,Minnesota Wild,Montréal Canadiens,0.516,0.1155,0.3195,0.049,868
1722,2017020193,Winnipeg Jets,Dallas Stars,0.5065,0.1135,0.332,0.048,868
1723,2017020194,Colorado Avalanche,Carolina Hurricanes,0.407,0.1455,0.4035,0.044,868
1724,2017020195,Calgary Flames,Pittsburgh Penguins,0.3815,0.1315,0.4365,0.0505,868
1725,2017020196,Arizona Coyotes,Buffalo Sabres,0.461,0.0905,0.356,0.0925,868
1726,2017020197,Los Angeles Kings,Toronto Maple Leafs,0.4225,0.1235,0.3805,0.0735,868
1730,2017020205,St. Louis Blues,Toronto Maple Leafs,0.47,0.1205,0.3645,0.045,871
1731,2017020206,Winnipeg Jets,Montréal Canadiens,0.493,0.0815,0.3465,0.079,871
1732,2017020201,Boston Bruins,Washington Capitals,0.43,0.04,0.3955,0.1345,871
1733,2017020202,Tampa Bay Lightning,Columbus Blue Jackets,0.4535,0.051,0.359,0.1365,871
1734,2017020203,Florida Panthers,New York Rangers,0.4085,0.101,0.4245,0.066,871
1735,2017020204,Philadelphia Flyers,Colorado Avalanche,0.515,0.1375,0.3,0.0475,871
1736,2017020207,Dallas Stars,Buffalo Sabres,0.487,0.0945,0.3405,0.078,871
1737,2017020208,Minnesota Wild,Chicago Blackhawks,0.505,0.077,0.313,0.105,871
1738,2017020209,Arizona Coyotes,Carolina Hurricanes,0.396,0.091,0.407,0.106,871
1739,2017020210,Vancouver Canucks,Pittsburgh Penguins,0.3675,0.04,0.4615,0.131,871
1740,2017020211,Los Angeles Kings,Nashville Predators,0.447,0.1545,0.367,0.0315,871
1741,2017020212,San Jose Sharks,Anaheim Ducks,0.475,0.0685,0.343,0.1135,871
1752,2017020223,Buffalo Sabres,Washington Capitals,0.373,0.0415,0.4525,0.133,873
1753,2017020224,New Jersey Devils,St. Louis Blues,0.4105,0.044,0.394,0.1515,873
1754,2017020225,New York Islanders,Edmonton Oilers,0.4565,0.082,0.373,0.0885,873
1755,2017020226,Pittsburgh Penguins,Arizona Coyotes,0.565,0.08,0.2805,0.0745,873
1756,2017020227,Carolina Hurricanes,Florida Panthers,0.462,0.108,0.346,0.084,873
1757,2017020228,Columbus Blue Jackets,Nashville Predators,0.4725,0.0855,0.3575,0.0845,873
1758,2017020229,Montréal Canadiens,Vegas Golden Knights,0.4495,0.082,0.381,0.0875,873
1759,2017020230,Calgary Flames,Vancouver Canucks,0.477,0.082,0.3275,0.1135,873
1760,2017020231,Anaheim Ducks,Los Angeles Kings,0.45,0.0945,0.3405,0.115,873
1764,2017020235,New Jersey Devils,Edmonton Oilers,0.414,0.0415,0.4045,0.14,876
1765,2017020236,Philadelphia Flyers,Chicago Blackhawks,0.427,0.078,0.3895,0.1055,876
1766,2017020237,Montréal Canadiens,Minnesota Wild,0.4165,0.034,0.4015,0.148,876
1767,2017020238,St. Louis Blues,Arizona Coyotes,0.56,0.1235,0.2865,0.03,876
1768,2017020239,Calgary Flames,Detroit Red Wings,0.4645,0.142,0.3455,0.048,876
1769,2017020240,Anaheim Ducks,Vancouver Canucks,0.5235,0.102,0.292,0.0825,876
1770,2017020241,Los Angeles Kings,Tampa Bay Lightning,0.4495,0.0435,0.373,0.134,876
1772,2017020242,Buffalo Sabres,Florida Panthers,0.4495,0.093,0.3805,0.077,877
1773,2017020243,Toronto Maple Leafs,Boston Bruins,0.483,0.147,0.342,0.028,877
1774,2017020244,Washington Capitals,Pittsburgh Penguins,0.4865,0.076,0.3385,0.099,877
1775,2017020245,Columbus Blue Jackets,Carolina Hurricanes,0.484,0.1015,0.329,0.0855,877
1776,2017020246,Dallas Stars,New York Islanders,0.406,0.0445,0.426,0.1235,877
1777,2017020248,Vegas Golden Knights,Winnipeg Jets,0.47,0.0835,0.351,0.0955,877
1778,2017020249,New York Rangers,Edmonton Oilers,0.477,0.1285,0.354,0.0405,877
1779,2017020252,Ottawa Senators,Colorado Avalanche,0.531,0.133,0.295,0.041,877
1780,2017020250,Boston Bruins,Toronto Maple Leafs,0.4695,0.025,0.356,0.1495,879
1781,2017020251,Montréal Canadiens,Buffalo Sabres,0.5095,0.1115,0.306,0.073,879
1782,2017020253,Detroit Red Wings,Columbus Blue Jackets,0.41,0.0325,0.421,0.1365,879
1783,2017020254,New Jersey Devils,Florida Panthers,0.4325,0.032,0.386,0.1495,879
1784,2017020255,Philadelphia Flyers,Minnesota Wild,0.4385,0.1305,0.3875,0.0435,879
1785,2017020256,Carolina Hurricanes,Chicago Blackhawks,0.4095,0.092,0.4085,0.09,879
1786,2017020257,St. Louis Blues,New York Islanders,0.4795,0.1085,0.3455,0.0665,879
1787,2017020258,Nashville Predators,Pittsburgh Penguins,0.4645,0.061,0.3605,0.114,879
1788,2017020260,San Jose Sharks,Vancouver Canucks,0.523,0.157,0.2995,0.0205,879
1789,2017020259,Arizona Coyotes,Winnipeg Jets,0.3985,0.0755,0.4215,0.1045,879
1796,2017020267,Pittsburgh Penguins,Buffalo Sabres,0.546,0.1025,0.2805,0.071,882
1797,2017020268,Montréal Canadiens,Columbus Blue Jackets,0.4345,0.0625,0.388,0.115,882
1798,2017020269,Florida Panthers,Dallas Stars,0.4525,0.0595,0.3715,0.1165,882
1799,2017020270,Nashville Predators,Washington Capitals,0.424,0.131,0.3945,0.0505,882
1800,2017020271,Minnesota Wild,Philadelphia Flyers,0.5115,0.0685,0.324,0.096,882
1801,2017020272,Winnipeg Jets,Arizona Coyotes,0.532,0.115,0.297,0.056,882
1802,2017020273,Edmonton Oilers,Vegas Golden Knights,0.4615,0.0865,0.3655,0.0865,882
1803,2017020274,Los Angeles Kings,Vancouver Canucks,0.492,0.089,0.325,0.094,882
1807,2017020278,Toronto Maple Leafs,New Jersey Devils,0.543,0.0675,0.3045,0.085,885
1808,2017020279,New York Islanders,Carolina Hurricanes,0.4975,0.079,0.3245,0.099,885
1809,2017020280,Montréal Canadiens,Arizona Coyotes,0.5295,0.1325,0.3025,0.0355,885
1810,2017020281,Ottawa Senators,Pittsburgh Penguins,0.427,0.089,0.3955,0.0885,885
1811,2017020282,Tampa Bay Lightning,Dallas Stars,0.5225,0.097,0.2905,0.09,885
1812,2017020283,Minnesota Wild,Nashville Predators,0.5,0.0975,0.3235,0.079,885
1813,2017020284,Winnipeg Jets,Philadelphia Flyers,0.4705,0.08,0.3595,0.09,885
1814,2017020285,Colorado Avalanche,Washington Capitals,0.326,0.0445,0.49,0.1395,885
1815,2017020286,Edmonton Oilers,St. Louis Blues,0.4775,0.1325,0.359,0.031,885
1816,2017020287,Vancouver Canucks,Vegas Golden Knights,0.41,0.054,0.415,0.121,885
1817,2017020288,Los Angeles Kings,Boston Bruins,0.4475,0.0755,0.365,0.112,885
1818,2017020289,San Jose Sharks,Florida Panthers,0.499,0.0825,0.3345,0.084,885
1826,2017020297,Buffalo Sabres,Carolina Hurricanes,0.4215,0.0495,0.3705,0.1585,888
1827,2017020298,Montréal Canadiens,Toronto Maple Leafs,0.4425,0.087,0.392,0.0785,888
1828,2017020299,Tampa Bay Lightning,New York Islanders,0.486,0.136,0.341,0.037,888
1829,2017020300,Pittsburgh Penguins,Chicago Blackhawks,0.4895,0.0635,0.3455,0.1015,888
1830,2017020301,Washington Capitals,Minnesota Wild,0.4745,0.125,0.351,0.0495,888
1831,2017020302,Nashville Predators,Colorado Avalanche,0.5715,0.147,0.266,0.0155,888
1832,2017020303,Vancouver Canucks,St. Louis Blues,0.3835,0.067,0.4395,0.11,888
1833,2017020304,San Jose Sharks,Boston Bruins,0.462,0.031,0.3615,0.1455,888
1848,2017020319,Buffalo Sabres,Minnesota Wild,0.3625,0.0715,0.4625,0.1035,890
1849,2017020320,Detroit Red Wings,Edmonton Oilers,0.413,0.075,0.4015,0.1105,890
1850,2017020321,Florida Panthers,Toronto Maple Leafs,0.4415,0.0475,0.384,0.127,890
1851,2017020322,New Jersey Devils,Boston Bruins,0.4305,0.0685,0.394,0.107,890
1852,2017020323,New York Islanders,Philadelphia Flyers,0.508,0.091,0.317,0.084,890
1853,2017020324,Pittsburgh Penguins,Vancouver Canucks,0.5495,0.0955,0.3,0.055,890
1854,2017020325,Washington Capitals,Ottawa Senators,0.527,0.107,0.3005,0.0655,890
1855,2017020326,Carolina Hurricanes,New York Rangers,0.43,0.0815,0.412,0.0765,890
1856,2017020327,Columbus Blue Jackets,Calgary Flames,0.518,0.0835,0.309,0.0895,890
1857,2017020328,Tampa Bay Lightning,Chicago Blackhawks,0.463,0.1215,0.3625,0.053,890
1858,2017020329,Nashville Predators,Montréal Canadiens,0.493,0.0385,0.339,0.1295,890
1859,2017020330,Colorado Avalanche,Dallas Stars,0.422,0.0885,0.407,0.0825,890
1860,2017020331,Arizona Coyotes,San Jose Sharks,0.419,0.1,0.4,0.081,890
1861,2017020332,Anaheim Ducks,Vegas Golden Knights,0.449,0.0645,0.3805,0.106,890
1862,2017020333,Los Angeles Kings,Winnipeg Jets,0.435,0.098,0.3935,0.0735,890
1869,2017020339,Buffalo Sabres,Edmonton Oilers,0.399,0.1385,0.4195,0.043,893
1870,2017020340,New Jersey Devils,Vancouver Canucks,0.4825,0.1305,0.349,0.038,893
1871,2017020341,New York Rangers,Detroit Red Wings,0.5295,0.1005,0.3125,0.0575,893
1872,2017020342,Columbus Blue Jackets,Ottawa Senators,0.517,0.07,0.314,0.099,893
1873,2017020343,Carolina Hurricanes,Toronto Maple Leafs,0.424,0.0925,0.399,0.0845,893
1874,2017020344,St. Louis Blues,Nashville Predators,0.4575,0.075,0.3635,0.104,893
1875,2017020346,Arizona Coyotes,Los Angeles Kings,0.413,0.0905,0.4175,0.079,893
1876,2017020345,Dallas Stars,Calgary Flames,0.4515,0.096,0.366,0.0865,893
1877,2017020348,Toronto Maple Leafs,Washington Capitals,0.448,0.0705,0.374,0.1075,895
1878,2017020349,Montréal Canadiens,Buffalo Sabres,0.5075,0.113,0.319,0.0605,895
1879,2017020350,Ottawa Senators,New York Islanders,0.4215,0.1005,0.405,0.073,895
1880,2017020351,Detroit Red Wings,New Jersey Devils,0.4785,0.114,0.338,0.0695,895
1881,2017020352,Florida Panthers,Chicago Blackhawks,0.411,0.086,0.411,0.092,895
1882,2017020353,Pittsburgh Penguins,Tampa Bay Lightning,0.4645,0.096,0.3675,0.072,895
1883,2017020355,Arizona Coyotes,Vegas Golden Knights,0.3955,0.0395,0.441,0.124,895
1884,2017020354,St. Louis Blues,Minnesota Wild,0.4305,0.107,0.392,0.0705,895
1885,2017020357,San Jose Sharks,Winnipeg Jets,0.4615,0.1475,0.356,0.035,895
1886,2017020356,Colorado Avalanche,Calgary Flames,0.423,0.0335,0.411,0.1325,895
1887,2017020358,Los Angeles Kings,Anaheim Ducks,0.457,0.103,0.368,0.072,895
1896,2017020367,Buffalo Sabres,Tampa Bay Lightning,0.3775,0.0285,0.4325,0.1615,898
1897,2017020368,New York Islanders,Vancouver Canucks,0.54,0.131,0.2915,0.0375,898
1898,2017020369,New York Rangers,Florida Panthers,0.512,0.087,0.312,0.089,898
1899,2017020370,Philadelphia Flyers,San Jose Sharks,0.403,0.124,0.3985,0.0745,898
1900,2017020371,Columbus Blue Jackets,Carolina Hurricanes,0.4965,0.0885,0.329,0.086,898
1901,2017020372,Detroit Red Wings,Los Angeles Kings,0.4385,0.101,0.377,0.0835,898
1902,2017020373,Nashville Predators,Chicago Blackhawks,0.441,0.1005,0.366,0.0925,898
1903,2017020374,Calgary Flames,Toronto Maple Leafs,0.4205,0.0935,0.403,0.083,898
1904,2017020375,Edmonton Oilers,Arizona Coyotes,0.562,0.087,0.2875,0.0635,898
1905,2017020376,Vegas Golden Knights,Dallas Stars,0.546,0.1025,0.29,0.0615,898
1910,2017020381,Washington Capitals,Los Angeles Kings,0.5005,0.0915,0.305,0.103,901
1911,2017020382,Detroit Red Wings,Montréal Canadiens,0.45,0.0745,0.373,0.1025,901
1912,2017020383,Nashville Predators,Vancouver Canucks,0.5385,0.0995,0.294,0.068,901
1913,2017020384,Minnesota Wild,Vegas Golden Knights,0.487,0.075,0.3455,0.0925,901
1914,2017020385,Chicago Blackhawks,Dallas Stars,0.53,0.1325,0.3065,0.031,901
1915,2017020386,Calgary Flames,Arizona Coyotes,0.5005,0.1175,0.3415,0.0405,901
1916,2017020387,Edmonton Oilers,Toronto Maple Leafs,0.457,0.0405,0.3745,0.128,901
1917,2017020388,Buffalo Sabres,Pittsburgh Penguins,0.357,0.058,0.4725,0.1125,902
1918,2017020389,New York Islanders,Ottawa Senators,0.497,0.0835,0.331,0.0885,902
1919,2017020390,New York Rangers,Carolina Hurricanes,0.5285,0.1,0.3,0.0715,902
1920,2017020391,Columbus Blue Jackets,Anaheim Ducks,0.486,0.1315,0.339,0.0435,902
1921,2017020392,Florida Panthers,San Jose Sharks,0.4445,0.111,0.378,0.0665,902
1922,2017020393,St. Louis Blues,Los Angeles Kings,0.471,0.124,0.3385,0.0665,902
1923,2017020394,Winnipeg Jets,Vegas Golden Knights,0.4715,0.056,0.3625,0.11,902
1924,2017020395,Colorado Avalanche,New Jersey Devils,0.4015,0.069,0.4085,0.121,902
1937,2017020408,Chicago Blackhawks,Los Angeles Kings,0.502,0.073,0.3285,0.0965,906
1938,2017020409,Winnipeg Jets,Ottawa Senators,0.513,0.14,0.325,0.022,906
1939,2017020411,Vegas Golden Knights,Arizona Coyotes,0.5505,0.1325,0.286,0.031,906
1940,2017020410,Colorado Avalanche,Dallas Stars,0.4115,0.1055,0.407,0.076,906
1941,2017020412,Washington Capitals,San Jose Sharks,0.491,0.042,0.337,0.13,906
1942,2017020413,Florida Panthers,New York Islanders,0.43,0.108,0.3905,0.0715,906
1943,2017020414,Nashville Predators,Boston Bruins,0.478,0.076,0.34,0.106,906
1944,2017020415,Calgary Flames,Philadelphia Flyers,0.442,0.1115,0.3685,0.078,906
1945,2017020417,Columbus Blue Jackets,New Jersey Devils,0.5365,0.103,0.308,0.0525,908
1946,2017020416,Pittsburgh Penguins,New York Rangers,0.465,0.121,0.353,0.061,908
1947,2017020418,Montréal Canadiens,St. Louis Blues,0.4455,0.0435,0.3755,0.1355,908
1948,2017020419,Detroit Red Wings,Winnipeg Jets,0.4105,0.087,0.425,0.0775,908
1949,2017020420,Tampa Bay Lightning,New York Islanders,0.486,0.109,0.346,0.059,908
1950,2017020421,Dallas Stars,Nashville Predators,0.43,0.065,0.4065,0.0985,908
1951,2017020422,Colorado Avalanche,Buffalo Sabres,0.466,0.087,0.361,0.086,908
1952,2017020423,Vancouver Canucks,Carolina Hurricanes,0.4355,0.0995,0.3725,0.0925,908
1953,2017020424,Vegas Golden Knights,Anaheim Ducks,0.4935,0.1205,0.34,0.046,908
1954,2017020425,Los Angeles Kings,Minnesota Wild,0.414,0.08,0.4035,0.1025,908
1959,2017020430,Boston Bruins,Arizona Coyotes,0.575,0.125,0.2695,0.0305,911
1960,2017020431,Pittsburgh Penguins,New York Islanders,0.491,0.089,0.3325,0.0875,911
1961,2017020432,Montréal Canadiens,Calgary Flames,0.4935,0.089,0.333,0.0845,911
1962,2017020433,Tampa Bay Lightning,Colorado Avalanche,0.557,0.0905,0.2605,0.092,911
1963,2017020434,Florida Panthers,Winnipeg Jets,0.415,0.0415,0.4095,0.134,911
1964,2017020435,St. Louis Blues,Dallas Stars,0.5025,0.0845,0.325,0.088,911
1965,2017020436,Vancouver Canucks,Philadelphia Flyers,0.419,0.065,0.402,0.114,911
1966,2017020437,Los Angeles Kings,Ottawa Senators,0.4895,0.0975,0.339,0.074,911
1967,2017020438,San Jose Sharks,Carolina Hurricanes,0.4725,0.0895,0.3495,0.0885,911
1974,2017020444,Boston Bruins,New York Islanders,0.464,0.0615,0.3645,0.11,913
1975,2017020445,Montréal Canadiens,Edmonton Oilers,0.4545,0.0805,0.364,0.101,913
1976,2017020447,Tampa Bay Lightning,Winnipeg Jets,0.4995,0.0825,0.343,0.075,913
1977,2017020448,Florida Panthers,Colorado Avalanche,0.516,0.141,0.304,0.039,913
1978,2017020449,New York Rangers,New Jersey Devils,0.5325,0.0835,0.308,0.076,913
1979,2017020450,Pittsburgh Penguins,Toronto Maple Leafs,0.4955,0.0655,0.355,0.084,913
1980,2017020451,Columbus Blue Jackets,Arizona Coyotes,0.5555,0.119,0.2865,0.039,913
1981,2017020452,Dallas Stars,Vegas Golden Knights,0.4125,0.078,0.4255,0.084,913
1982,2017020454,San Jose Sharks,Ottawa Senators,0.499,0.097,0.318,0.086,913
1983,2017020453,Calgary Flames,Vancouver Canucks,0.4815,0.075,0.3385,0.105,913
1984,2017020455,Los Angeles Kings,Carolina Hurricanes,0.4825,0.0845,0.336,0.097,913
1985,2017020457,Chicago Blackhawks,Arizona Coyotes,0.565,0.131,0.277,0.027,915
1986,2017020458,St. Louis Blues,Buffalo Sabres,0.55,0.096,0.2565,0.0975,915
1987,2017020456,Toronto Maple Leafs,Edmonton Oilers,0.446,0.155,0.37,0.029,915
1988,2017020459,San Jose Sharks,Minnesota Wild,0.432,0.0355,0.3855,0.147,915
1989,2017020460,New York Islanders,Washington Capitals,0.4245,0.0745,0.3945,0.1065,915
1990,2017020461,New York Rangers,Dallas Stars,0.5355,0.0915,0.2965,0.0765,915
1991,2017020462,Pittsburgh Penguins,Colorado Avalanche,0.6065,0.063,0.2525,0.078,915
1992,2017020463,Detroit Red Wings,Florida Panthers,0.442,0.073,0.387,0.098,915
1993,2017020464,Winnipeg Jets,Vancouver Canucks,0.536,0.109,0.285,0.07,915
1994,2017020465,Anaheim Ducks,Carolina Hurricanes,0.4875,0.1365,0.336,0.04,915
1995,2017020466,Buffalo Sabres,Ottawa Senators,0.422,0.1415,0.3945,0.042,916
1996,2017020467,New Jersey Devils,Los Angeles Kings,0.414,0.0435,0.4165,0.126,916
1997,2017020468,Philadelphia Flyers,Toronto Maple Leafs,0.4405,0.0835,0.3925,0.0835,916
1998,2017020469,Washington Capitals,Colorado Avalanche,0.6075,0.097,0.2465,0.049,916
1999,2017020470,Columbus Blue Jackets,Edmonton Oilers,0.488,0.1395,0.3265,0.046,916
2000,2017020471,St. Louis Blues,Tampa Bay Lightning,0.4705,0.0645,0.3555,0.1095,916
2001,2017020472,Minnesota Wild,Calgary Flames,0.549,0.056,0.285,0.11,916
2002,2017020473,Chicago Blackhawks,Florida Panthers,0.519,0.1035,0.3015,0.076,916
2003,2017020474,Vegas Golden Knights,Carolina Hurricanes,0.5185,0.09,0.3155,0.076,916
2008,2017020479,Boston Bruins,Washington Capitals,0.4295,0.03,0.3915,0.149,919
2009,2017020480,Philadelphia Flyers,Buffalo Sabres,0.515,0.107,0.3065,0.0715,919
2010,2017020481,Columbus Blue Jackets,New York Islanders,0.4785,0.1255,0.34,0.056,919
2011,2017020482,Montréal Canadiens,New Jersey Devils,0.5085,0.0985,0.3255,0.0675,919
2012,2017020483,St. Louis Blues,Anaheim Ducks,0.4835,0.103,0.332,0.0815,919
2013,2017020484,Minnesota Wild,Toronto Maple Leafs,0.487,0.09,0.354,0.069,919
2014,2017020485,Winnipeg Jets,Chicago Blackhawks,0.4625,0.1275,0.3675,0.0425,919
2015,2017020486,Colorado Avalanche,Florida Panthers,0.4205,0.07,0.4005,0.109,919
2016,2017020487,Calgary Flames,San Jose Sharks,0.439,0.091,0.4,0.07,919
2017,2017020488,Edmonton Oilers,Nashville Predators,0.4665,0.0275,0.3715,0.1345,919
2018,2017020489,Arizona Coyotes,Tampa Bay Lightning,0.3605,0.135,0.4605,0.044,919
2019,2017020490,Vegas Golden Knights,Pittsburgh Penguins,0.4525,0.081,0.3865,0.08,919
2027,2017020501,St. Louis Blues,Winnipeg Jets,0.4945,0.022,0.34,0.1435,921
2028,2017020498,Ottawa Senators,Montréal Canadiens,0.422,0.074,0.3845,0.1195,921
2029,2017020499,New York Islanders,Los Angeles Kings,0.4795,0.072,0.349,0.0995,921
2030,2017020500,Philadelphia Flyers,Dallas Stars,0.481,0.0845,0.348,0.0865,921
2031,2017020503,Carolina Hurricanes,Columbus Blue Jackets,0.3995,0.0785,0.4245,0.0975,921
2032,2017020504,Arizona Coyotes,Pittsburgh Penguins,0.3545,0.066,0.4735,0.106,921
2033,2017020502,Washington Capitals,Anaheim Ducks,0.5055,0.0875,0.3205,0.0865,921
2034,2017020505,Colorado Avalanche,Tampa Bay Lightning,0.345,0.0755,0.483,0.0965,921
2035,2017020506,Calgary Flames,Nashville Predators,0.3915,0.0795,0.434,0.095,921
2036,2017020507,Winnipeg Jets,St. Louis Blues,0.452,0.135,0.369,0.044,923
2037,2017020508,Chicago Blackhawks,Minnesota Wild,0.4625,0.103,0.3635,0.071,923
2038,2017020509,Vancouver Canucks,Calgary Flames,0.423,0.114,0.39,0.073,923
2039,2017020510,Vegas Golden Knights,Florida Panthers,0.5115,0.0755,0.3305,0.0825,923
2040,2017020511,Boston Bruins,Columbus Blue Jackets,0.4355,0.0985,0.3755,0.0905,923
2041,2017020512,New Jersey Devils,Anaheim Ducks,0.417,0.0985,0.388,0.0965,923
2042,2017020513,Philadelphia Flyers,Los Angeles Kings,0.431,0.077,0.387,0.105,923
2043,2017020514,Colorado Avalanche,Pittsburgh Penguins,0.3385,0.0965,0.4955,0.0695,923
2044,2017020515,Edmonton Oilers,San Jose Sharks,0.461,0.098,0.3645,0.0765,923
2046,2017020518,New York Islanders,Detroit Red Wings,0.516,0.068,0.323,0.093,925
2047,2017020519,New York Rangers,Anaheim Ducks,0.4955,0.0865,0.3355,0.0825,925
2048,2017020520,Ottawa Senators,Minnesota Wild,0.4015,0.054,0.415,0.1295,925
2049,2017020517,Buffalo Sabres,Boston Bruins,0.3925,0.053,0.4295,0.125,925
2050,2017020521,Nashville Predators,Winnipeg Jets,0.498,0.093,0.328,0.081,925
2051,2017020522,Dallas Stars,Washington Capitals,0.363,0.091,0.459,0.087,925
2052,2017020523,Arizona Coyotes,Florida Panthers,0.4285,0.075,0.4065,0.09,925
2053,2017020524,Vancouver Canucks,Montréal Canadiens,0.418,0.0415,0.403,0.1375,925
2054,2017020525,Vegas Golden Knights,Tampa Bay Lightning,0.457,0.0915,0.369,0.0825,925
2058,2017020529,Boston Bruins,Winnipeg Jets,0.4465,0.1325,0.3775,0.0435,928
2059,2017020530,New Jersey Devils,New York Rangers,0.393,0.0665,0.424,0.1165,928
2060,2017020531,New York Islanders,Anaheim Ducks,0.455,0.0965,0.3715,0.077,928
2061,2017020532,Pittsburgh Penguins,Columbus Blue Jackets,0.4855,0.0985,0.347,0.069,928
2062,2017020533,Tampa Bay Lightning,Ottawa Senators,0.533,0.1085,0.3125,0.046,928
2063,2017020534,Nashville Predators,Carolina Hurricanes,0.5185,0.0295,0.3175,0.1345,928
2064,2017020535,Dallas Stars,Chicago Blackhawks,0.4055,0.053,0.417,0.1245,928
2065,2017020536,Edmonton Oilers,St. Louis Blues,0.4875,0.0945,0.3525,0.0655,928
2066,2017020537,Los Angeles Kings,Colorado Avalanche,0.534,0.064,0.299,0.103,928
2067,2017020538,San Jose Sharks,Vancouver Canucks,0.541,0.146,0.2795,0.0335,928
2074,2017020552,Edmonton Oilers,Montréal Canadiens,0.4915,0.1065,0.3255,0.0765,930
2075,2017020545,Tampa Bay Lightning,Minnesota Wild,0.476,0.095,0.3425,0.0865,930
2076,2017020546,Florida Panthers,Ottawa Senators,0.4605,0.0815,0.3625,0.0955,930
2077,2017020547,New Jersey Devils,Chicago Blackhawks,0.406,0.07,0.4235,0.1005,930
2078,2017020548,New York Rangers,Toronto Maple Leafs,0.486,0.0845,0.345,0.0845,930
2079,2017020549,Pittsburgh Penguins,Anaheim Ducks,0.5075,0.1205,0.332,0.04,930
2080,2017020550,Carolina Hurricanes,Buffalo Sabres,0.5075,0.1385,0.325,0.029,930
2081,2017020551,Columbus Blue Jackets,Philadelphia Flyers,0.487,0.116,0.3375,0.0595,930
2082,2017020555,Vegas Golden Knights,Washington Capitals,0.4355,0.086,0.3935,0.085,930
2083,2017020554,Arizona Coyotes,Colorado Avalanche,0.4705,0.0975,0.3685,0.0635,930
2084,2017020553,Dallas Stars,Nashville Predators,0.4085,0.0605,0.4105,0.1205,930
2085,2017020556,Vancouver Canucks,St. Louis Blues,0.38,0.057,0.4435,0.1195,930
2086,2017020557,San Jose Sharks,Los Angeles Kings,0.458,0.101,0.353,0.088,930
2087,2017020558,Boston Bruins,Ottawa Senators,0.4905,0.0445,0.328,0.137,934
2088,2017020559,New Jersey Devils,Detroit Red Wings,0.466,0.089,0.3495,0.0955,934
2089,2017020560,New York Islanders,Buffalo Sabres,0.568,0.103,0.2775,0.0515,934
2090,2017020562,Pittsburgh Penguins,Columbus Blue Jackets,0.459,0.12,0.358,0.063,934
2091,2017020563,Carolina Hurricanes,Montréal Canadiens,0.453,0.108,0.367,0.072,934
2092,2017020564,St. Louis Blues,Nashville Predators,0.468,0.068,0.3525,0.1115,934
2093,2017020565,Minnesota Wild,Dallas Stars,0.5075,0.1095,0.334,0.049,934
2094,2017020566,Winnipeg Jets,Edmonton Oilers,0.4645,0.0595,0.3605,0.1155,934
2095,2017020561,New York Rangers,Washington Capitals,0.4605,0.068,0.377,0.0945,934
2096,2017020567,Colorado Avalanche,Arizona Coyotes,0.473,0.082,0.359,0.086,934
2097,2017020568,Anaheim Ducks,Vegas Golden Knights,0.4495,0.0315,0.3875,0.1315,934
2098,2017020569,Washington Capitals,Boston Bruins,0.4895,0.153,0.331,0.0265,936
2099,2017020570,Tampa Bay Lightning,Montréal Canadiens,0.527,0.0815,0.3095,0.082,936
2100,2017020571,Florida Panthers,Philadelphia Flyers,0.45,0.034,0.368,0.148,936
2101,2017020572,Arizona Coyotes,Toronto Maple Leafs,0.3835,0.103,0.4535,0.06,936
2102,2017020573,Vancouver Canucks,Chicago Blackhawks,0.371,0.0765,0.4475,0.105,936
2103,2017020574,Los Angeles Kings,Vegas Golden Knights,0.436,0.092,0.3895,0.0825,936
2104,2017020575,San Jose Sharks,Calgary Flames,0.498,0.088,0.3235,0.0905,936
2105,2017020576,New Jersey Devils,Buffalo Sabres,0.4935,0.14,0.3355,0.031,938
2106,2017020577,Ottawa Senators,Columbus Blue Jackets,0.422,0.089,0.4075,0.0815,938
2107,2017020578,Detroit Red Wings,New York Rangers,0.411,0.058,0.414,0.117,938
2108,2017020579,Tampa Bay Lightning,Philadelphia Flyers,0.527,0.1005,0.3025,0.07,938
2109,2017020580,Carolina Hurricanes,Pittsburgh Penguins,0.431,0.031,0.3965,0.1415,938
2110,2017020581,Minnesota Wild,Nashville Predators,0.466,0.1005,0.3685,0.065,938
2111,2017020582,Winnipeg Jets,New York Islanders,0.479,0.0615,0.3585,0.101,938
2112,2017020583,Dallas Stars,St. Louis Blues,0.4275,0.074,0.399,0.0995,938
2113,2017020584,Colorado Avalanche,Toronto Maple Leafs,0.35,0.0755,0.489,0.0855,938
2114,2017020585,Edmonton Oilers,Chicago Blackhawks,0.4785,0.1245,0.3335,0.0635,938
2115,2017020586,Anaheim Ducks,Calgary Flames,0.496,0.125,0.3315,0.0475,938
2122,2017020593,Vegas Golden Knights,Toronto Maple Leafs,0.4915,0.0515,0.346,0.111,941
2123,2017020598,Anaheim Ducks,Arizona Coyotes,0.5405,0.098,0.2865,0.075,941
2124,2017020594,Columbus Blue Jackets,Tampa Bay Lightning,0.454,0.1105,0.355,0.0805,941
2125,2017020600,Edmonton Oilers,Winnipeg Jets,0.4805,0.099,0.352,0.0685,941
2126,2017020595,Detroit Red Wings,Pittsburgh Penguins,0.414,0.109,0.4265,0.0505,941
2127,2017020597,Colorado Avalanche,New York Islanders,0.385,0.068,0.4415,0.1055,941
2128,2017020596,Dallas Stars,San Jose Sharks,0.409,0.1025,0.4205,0.068,941
